-4.980971203956983118e-01 2.077165015796367697e+00 1.348665776202733468e+01
-6.956902564481310947e-01 2.110241573922849057e+00 1.321988270026929513e+01
-6.861966512556705311e-01 1.944358786284453799e+00 1.344490634752548885e+01
-1.119389788706769195e+00 1.011490656860473791e+00 1.408280036841574656e+01
-1.529654035215685326e+00 -4.103889817898789261e-01 1.417013917519079769e+01
-2.058451160041215644e+00 -1.395136447474271790e+00 1.486930471402160947e+01
-2.590100294949024828e+00 -2.908044282292166827e+00 1.607790830555507000e+01
-3.035135619731420320e+00 -4.294467438466995191e+00 1.732556477565879050e+01
-3.317040371636551299e+00 -5.318995809975547218e+00 1.800176810117102377e+01
-3.836446075265314448e+00 -6.205672972162062706e+00 1.847318906012219486e+01
-4.582307913380759601e+00 -6.873264348926056755e+00 1.945679866032014615e+01
-5.190613943989035306e+00 -8.501764648086464149e+00 2.063204700465882979e+01
-5.540694896714057904e+00 -1.038466815488692419e+01 2.092884538321698074e+01
-5.907176574455547780e+00 -1.281734296664700423e+01 2.171406853426947237e+01
-6.402976521825678446e+00 -1.471833054441771083e+01 2.287315529714544482e+01
-6.952599152538994076e+00 -1.663417685609641694e+01 2.472980084275161516e+01
-7.498403487892630892e+00 -1.851335482129491083e+01 2.608728346978853097e+01
-8.245826251958249031e+00 -1.998206934727153339e+01 2.643418611844958832e+01
-8.469266484382785620e+00 -1.990467726190991016e+01 2.681007172698468821e+01
-8.987966931899961764e+00 -2.102686354987451978e+01 2.831890680683079609e+01
-9.697014969733572798e+00 -2.249861851823129655e+01 2.871357194780364352e+01
-1.039012438540891026e+01 -2.477968958990112469e+01 2.831336060535988963e+01
-1.145599735358320004e+01 -2.756552711865697347e+01 2.769974869978932475e+01
-1.118240577915344147e+01 -2.909339254054083312e+01 2.581600980296150283e+01
-1.114659241208408957e+01 -3.042042429364340705e+01 2.454323670111796218e+01
-1.120644113712450007e+01 -3.190947658074975379e+01 2.486534276823431355e+01
-1.064289676082910319e+01 -3.276409409226732805e+01 2.344851177836687839e+01
-1.072484897452045516e+01 -3.432446518683360637e+01 2.238601637905230746e+01
-1.076357487464758833e+01 -3.548165965590055748e+01 2.089228385633396101e+01
-1.065869613162357155e+01 -3.613034316696274573e+01 1.936784395530276015e+01
-1.031949567021138137e+01 -3.659492487181410070e+01 1.835559958636179090e+01
-1.024179930622921120e+01 -3.618428105923067051e+01 1.735816522841798815e+01
-1.016244360413554659e+01 -3.634474797535369817e+01 1.713956973484653190e+01
-1.038642777097732051e+01 -3.684699128652908939e+01 1.630422359189981307e+01
-1.052512317519551743e+01 -3.716786830388667795e+01 1.471023029951447825e+01
-1.066231451100208005e+01 -3.712468547848482103e+01 1.410773293892657421e+01
-1.084235807257505257e+01 -3.705640537225207254e+01 1.240285501919981925e+01
-1.088074501691590967e+01 -3.691847020220887998e+01 1.088047539600347591e+01
-1.097015908395638917e+01 -3.641184799559027852e+01 8.468649976664778478e+00
-1.071960608085544209e+01 -3.598678817260878304e+01 7.268296451455967144e+00
-1.016968274607830836e+01 -3.497812839708808497e+01 5.291719149071923312e+00
-9.916576935819193750e+00 -3.422572179511365675e+01 4.396329959057652559e+00
-9.768525053573000605e+00 -3.328904546748424309e+01 4.518976407301806830e+00
-9.696236826019287491e+00 -3.075834805723616228e+01 4.224460077173716854e+00
-9.515062809252128773e+00 -2.875005666048667763e+01 4.988664912654940053e+00
-9.670344711757081768e+00 -2.716903330962003338e+01 4.651333149126344324e+00
-9.584393600582529871e+00 -2.449717830502214611e+01 5.352202454441453483e+00
-9.247764932544839667e+00 -2.298901723782603312e+01 6.379863223340862532e+00
-9.279663761002268529e+00 -2.288771420803851697e+01 6.610640716914190307e+00
-9.345666770851778438e+00 -2.256197319339327123e+01 6.111319997088571654e+00
-9.310732086625876036e+00 -2.156470219293680657e+01 5.846229573715390870e+00
-9.177996507672162352e+00 -2.144875726448213982e+01 5.693679934268175202e+00
-8.796517960127403057e+00 -2.039614474146793555e+01 4.758204199698866432e+00
-8.344375031009349186e+00 -1.769657063023436194e+01 4.788579874913239109e+00
-8.387758815047448024e+00 -1.545225098018727294e+01 5.023887347178060736e+00
-8.300006250214266856e+00 -1.380875563664062611e+01 4.154409219347144244e+00
-8.028615600355635706e+00 -1.295964532272267888e+01 3.521452893925925309e+00
-7.415575026920180335e+00 -1.125390740323354066e+01 2.105603502724761711e+00
-7.264284227428106533e+00 -1.066079807147440306e+01 1.448701009597584743e+00
-7.270706497036030669e+00 -1.045194014563134033e+01 4.258854785937273846e-01
-7.362447522596198723e+00 -9.814415641482526098e+00 6.283832076876478823e-01
-7.097695282364611558e+00 -8.474623406952218829e+00 1.842071647969646619e+00
-6.792289778788301646e+00 -7.594378684142327529e+00 2.600600277428839036e+00
-6.126297710641097183e+00 -5.793701320688114720e+00 3.035126516194736723e+00
-5.456281200902708406e+00 -4.538642825392116720e+00 4.067325591731218992e+00
-4.888686110037895105e+00 -3.672689082869908361e+00 5.325931209196596683e+00
-4.223903285364542626e+00 -2.648348683255392189e+00 5.975497000578684492e+00
-3.570963741850903261e+00 -1.923563316161789771e+00 6.768161026491156917e+00
-3.083271893967321375e+00 -1.347835866664183868e+00 8.396940563823591219e+00
-2.435122658986699662e+00 4.824867772532570598e-02 9.793106872981752531e+00
-1.937205573428457228e+00 7.487593844716116109e-01 1.078984590259835841e+01
-2.146333465007330688e+00 -8.658829225726094592e-02 1.253443776308677116e+01
-2.765683564941582517e+00 -1.331994380436015035e+00 1.355077025010768921e+01
-3.350164373619350044e+00 -2.074409643343130938e+00 1.281336112011877049e+01
-4.013912041754963411e+00 -2.892320837478564499e+00 1.148022548589585767e+01
-4.617261659889891234e+00 -3.646963813420597944e+00 1.022602884753223407e+01
-5.010922324461262178e+00 -4.326487538750996009e+00 8.923798320240848625e+00
-5.669467517084967767e+00 -5.642585903228450661e+00 7.386734366909649907e+00
-6.349372011867103538e+00 -6.953676078920523196e+00 6.905970541252713701e+00
-6.710435895736907241e+00 -7.888702294758104472e+00 5.701401085563702509e+00
-7.416517889396573082e+00 -9.399840849078657357e+00 5.056334851268275088e+00
-8.048352762209106004e+00 -1.060923681087928117e+01 3.799213083058816665e+00
-8.686351398765339127e+00 -1.200716605071801268e+01 4.147681857941847738e+00
-9.238005760750411355e+00 -1.404213668944942128e+01 5.478175793597870324e+00
-9.134318242053723225e+00 -1.420499048625373462e+01 6.415482561588419230e+00
-8.653035361185800411e+00 -1.235682168044070295e+01 7.034984161752504406e+00
-7.915647233792185489e+00 -1.055328548396397537e+01 8.616614698401690475e+00
-6.827173991974007095e+00 -8.651954209535460905e+00 9.802754406339431625e+00
-6.121324954703823096e+00 -7.244103882084289125e+00 1.060036491035691597e+01
-5.437794036727382263e+00 -5.952975028401681357e+00 1.307557289031092296e+01
-5.082449778616251024e+00 -5.358463138239926593e+00 1.324535378175448841e+01
-4.703863957078056046e+00 -4.002327093066412544e+00 1.508593805144607813e+01
-5.177043908868824929e+00 -4.366842116611792335e+00 1.676187157687058971e+01
-5.240417263727351838e+00 -5.753972911401717738e+00 1.824662263152981723e+01
-5.756915172121296109e+00 -7.517132193137058493e+00 1.714460559490248670e+01
-6.102887281907953820e+00 -9.797298587387047064e+00 1.466645556280025176e+01
-6.768238481545438390e+00 -1.144153341837517246e+01 1.333796143359768394e+01
-7.612327296260843923e+00 -1.357279513998605580e+01 1.223112685047442483e+01
-8.802162895741503235e+00 -1.733908313820484182e+01 1.053127050147554655e+01
-9.903220748955277486e+00 -1.871698048156821415e+01 1.048198782495035175e+01
-1.034427505084522636e+01 -2.053081722645026730e+01 9.469303874774027463e+00
-1.015992818846734735e+01 -2.228482364642377433e+01 8.140560624669319623e+00
-1.016080477166894980e+01 -2.362169430623589506e+01 7.008454942485741412e+00
-1.062995893476045239e+01 -2.588069472872604138e+01 6.634485312483889174e+00
-1.093542831080350197e+01 -2.829607577904658910e+01 5.604142294729513196e+00
-1.110951997455356377e+01 -3.024206576415645031e+01 5.176912883289674028e+00
-1.105470773114251415e+01 -3.157637859943196190e+01 5.538425866073112047e+00
-1.116145816676356617e+01 -3.252304766102542999e+01 5.496909341960190432e+00
-1.143414115962974620e+01 -3.431593629038223980e+01 6.602386042698185520e+00
-1.154215643387760792e+01 -3.523649089413680713e+01 7.572153429474155928e+00
-1.140972555139637734e+01 -3.573238766797771859e+01 8.686075422556314152e+00
-1.143417926066365453e+01 -3.522198138204140605e+01 9.349779655741940587e+00
-1.124130038637588314e+01 -3.394167670388412716e+01 9.694073829677336107e+00
-1.126452069209693718e+01 -3.266432963312195170e+01 1.024042979599846603e+01
-1.125209644980793655e+01 -3.093265529884774878e+01 1.052426912622695454e+01
-1.109910396701235413e+01 -2.911724525713123057e+01 1.093495413577534237e+01
-1.086014780173974259e+01 -2.797326691521982411e+01 1.041393494662088415e+01
-1.083954836291138690e+01 -2.698535861322307028e+01 1.106581550865496411e+01
-1.048794065268111808e+01 -2.546306285433149696e+01 1.190190065111312379e+01
-1.016202266403826115e+01 -2.369290835739565182e+01 1.248381424327965306e+01
-1.013821803951447009e+01 -2.296615443872144624e+01 1.260150466728009633e+01
-9.884085786349658065e+00 -2.159170953790015801e+01 1.319448372889053189e+01
-9.208638550551825119e+00 -1.999031278949968282e+01 1.297633436205603630e+01
-8.478773232798801018e+00 -1.901268413815211034e+01 1.411193568653300190e+01
-8.572467316706763540e+00 -1.789717240931844344e+01 1.476533740471745659e+01
-7.803674863792821270e+00 -1.620325963414165926e+01 1.559169423737409943e+01
-6.698615423232865851e+00 -1.393973687730601796e+01 1.620919298359058303e+01
-5.844959584745879511e+00 -1.221790659944736035e+01 1.772862499827238025e+01
-5.759028880408550322e+00 -1.156010440407112583e+01 1.832252459718120008e+01
-5.817059774386507343e+00 -1.094252366098999119e+01 1.844232291693674597e+01
-5.825947800673816346e+00 -1.096478546710284263e+01 1.856728527479583590e+01
-6.189559078186903207e+00 -1.106487343812108293e+01 1.886690738882714413e+01
-6.389858995253575813e+00 -1.124045141551425786e+01 2.065997182885666916e+01
-6.169881584458835277e+00 -1.279288486157020088e+01 2.021109395828159450e+01
-6.790323171944010028e+00 -1.511294184389754491e+01 2.133265801377046955e+01
-7.148378090871517543e+00 -1.701083127396015016e+01 1.956848935330947370e+01
-8.142966427029193710e+00 -1.909263543088468396e+01 1.848802327214252728e+01
-9.041136769626518799e+00 -2.151075127892312366e+01 1.752667610365870132e+01
-9.676229661651120750e+00 -2.365719767419386699e+01 1.627104483108030308e+01
-1.034554939234129733e+01 -2.537602565215456707e+01 1.484321615857584220e+01
-1.076289821248855105e+01 -2.677742309266966458e+01 1.439540795305492793e+01
-1.118561263253991456e+01 -2.846510177821994603e+01 1.356714334605817385e+01
-1.185818544790521401e+01 -3.148443018167597529e+01 1.278436611308666215e+01
-1.151899984975267444e+01 -3.317276608486463374e+01 1.276925742710329814e+01
-1.171635719648344320e+01 -3.579183839981908477e+01 1.264791917922673292e+01
-1.175201284032516469e+01 -3.698122302032027164e+01 1.318339841395243184e+01
-1.148685937779089272e+01 -3.689382391138474304e+01 1.460452954928530289e+01
-1.140475672703848886e+01 -3.671855966100571322e+01 1.609399521735304006e+01
-1.147970105227329896e+01 -3.581587059492431990e+01 1.613409264860922576e+01
-1.135382566630687506e+01 -3.452627470142329003e+01 1.666754197338025278e+01
-1.126013072237691404e+01 -3.292622697554924116e+01 1.727340433044173551e+01
-1.148693465724568341e+01 -3.198882359641476114e+01 1.715588062106962752e+01
-1.114809966973473365e+01 -3.039555948619090486e+01 1.701084398746991155e+01
-1.112140319938168886e+01 -2.955200826776723488e+01 1.739725922039804118e+01
-1.086705360960888811e+01 -2.897455469785603555e+01 1.792091271638992112e+01
-1.108102287484507542e+01 -2.896132472644410427e+01 1.835311772732143254e+01
-1.115761381487777726e+01 -2.862007406479170868e+01 1.858646756845553227e+01
-1.081136874832054673e+01 -2.722203284268283596e+01 1.859378461337325916e+01
-1.037848538073342297e+01 -2.550601756733300363e+01 2.030828364573972067e+01
-9.226912845157755783e+00 -2.297347503796055435e+01 2.017977776573388837e+01
-8.590889204552809133e+00 -2.096425221109689119e+01 2.153802305062401956e+01
-8.067343592344570880e+00 -1.913716442644107474e+01 2.255442865279337639e+01
-7.873833867002417719e+00 -1.839791119978400502e+01 2.386050080265522411e+01
-8.637109161230625887e+00 -1.988775796020331654e+01 2.503002399165609404e+01
-9.335566633306768836e+00 -2.184964087246993358e+01 2.480324143841562545e+01
-1.001689787763990580e+01 -2.438347460122832899e+01 2.336508752938709677e+01
-1.037347717336467667e+01 -2.638954678787803232e+01 2.195109398228896680e+01
-1.101124348971774225e+01 -2.781765471082650265e+01 2.108128197582448138e+01
-1.148261389509815444e+01 -3.052512261560235629e+01 2.002978258113716947e+01
-1.139531554896365151e+01 -3.184579253882179728e+01 1.835516704674910216e+01
-1.154829725671061169e+01 -3.362984724767380840e+01 1.837308076414558400e+01
-1.164784078751233665e+01 -3.476702387383119230e+01 1.859691811189861710e+01
-1.145181254907771518e+01 -3.470689795943297895e+01 1.912301783797545340e+01
-1.143430773138800305e+01 -3.337055578429703928e+01 2.126275721799504481e+01
-1.156862028240772133e+01 -3.131879026649835396e+01 2.325385177241025758e+01
-1.120000441211226416e+01 -2.858213241742970467e+01 2.504943393315659250e+01
-1.075519087156362730e+01 -2.718688691969447291e+01 2.539307984731487977e+01
-1.103815131010105688e+01 -2.713029154916875996e+01 2.553609195019714662e+01
-1.115792671538588365e+01 -2.679421310922020893e+01 2.558519236773202010e+01
-1.108589413629511000e+01 -2.536443027482567913e+01 2.502321253541890655e+01
-1.011669375538872373e+01 -2.323328172168731953e+01 2.661379560969146496e+01
-9.356233724452977185e+00 -2.225868890143237877e+01 2.454219772227986596e+01
-8.922019762055924730e+00 -2.088978823201438217e+01 2.315785720096619116e+01
-8.230872095024324153e+00 -1.899198589453533259e+01 2.166645321450619122e+01
-7.547497344518887985e+00 -1.809497167100704473e+01 2.038752250772211028e+01
-7.307536701286153402e+00 -1.677111240637594847e+01 1.994800432582599115e+01
-6.678334848565498305e+00 -1.519924074050078389e+01 1.873402631913199912e+01
-6.137770297272538755e+00 -1.365776419761778016e+01 1.754097613397129862e+01
-6.094767896220389503e+00 -1.174152522846065949e+01 1.642286778430855065e+01
-6.026938562787563569e+00 -1.019574556593022407e+01 1.622180275109440117e+01
-5.872695664205480170e+00 -9.169889139998474548e+00 1.532706953169622466e+01
-5.390703063531361749e+00 -6.630984511590213515e+00 1.421552167783318055e+01
-4.721321515156319037e+00 -6.092933139162823863e+00 1.440609715696848525e+01
-5.015507196142038993e+00 -5.754616851344565021e+00 1.433334142263424837e+01
-5.157089934665805231e+00 -4.167342338171806659e+00 1.287362829531468833e+01
-4.438759744582455369e+00 -3.260323194159525428e+00 1.075259838942940860e+01
-4.508692306845887288e+00 -3.619996497364809329e+00 9.882020362768344057e+00
-5.354454480784170300e+00 -5.130636862962319356e+00 8.877722785301216391e+00
-5.594769197595212518e+00 -6.274366804144790422e+00 8.846283464229713900e+00
-6.109147832116775589e+00 -6.964243454764527996e+00 9.262456880308945983e+00
-6.710981435658709415e+00 -8.260314948471943808e+00 9.912778157716047644e+00
-7.030950049778482480e+00 -9.566490385773761318e+00 1.071927154380512093e+01
-7.444843659537070835e+00 -1.198707250275600700e+01 1.245520144137435636e+01
-7.612434877511304876e+00 -1.427202254706446638e+01 1.333434377785192737e+01
-7.543133695156996055e+00 -1.612058695003196362e+01 1.402656595417442986e+01
-7.475273881066016202e+00 -1.572042059564745387e+01 1.420844706568220772e+01
-7.379235247221572536e+00 -1.544676502666408169e+01 1.431800778883894054e+01
-7.595091235596328261e+00 -1.609793894131200886e+01 1.610574315921724065e+01
-7.760781670634912643e+00 -1.709126907653580929e+01 1.634058734447910410e+01
-8.565617424779816247e+00 -1.984150138751016357e+01 1.929140800190600658e+01
-9.526071153225871058e+00 -2.240346879005801384e+01 2.198207055393447718e+01
-9.671099799641922345e+00 -2.381447983881747632e+01 2.201962058879325923e+01
-9.909432712297132184e+00 -2.419174658007733569e+01 2.149566302939399520e+01
-9.283191917059241405e+00 -2.258748027117468382e+01 1.954540557726318184e+01
-8.719167502277684889e+00 -1.980490619575982691e+01 1.732469787057902977e+01
-8.372928691224728937e+00 -1.847761681171419923e+01 1.519900275255929500e+01
-8.387662063608786411e+00 -1.766186230890923525e+01 1.421759781221840058e+01
-8.272480253712785725e+00 -1.600597318311571371e+01 1.360042507458774708e+01
-8.247656791426834388e+00 -1.389737427179665019e+01 1.189555725801676545e+01
-8.046540184123330164e+00 -1.283653995763461353e+01 1.065556311351110708e+01
-8.374647315126651392e+00 -1.188136503055608273e+01 8.937844673222571146e+00
-8.123923178710640514e+00 -1.083811148144752678e+01 7.692622794518570117e+00
-7.833403070199210561e+00 -9.929681543088463513e+00 6.440734484184417852e+00
-7.461586440107453200e+00 -9.078406539364607397e+00 5.288347487436908523e+00
-7.495804009649532418e+00 -9.168928845437221753e+00 4.588463365993902698e+00
-7.809582092677942455e+00 -9.857564505899745200e+00 4.150588858473952314e+00
-8.137721987797306156e+00 -1.058118967493595619e+01 4.289909766289838444e+00
-8.660404331458209981e+00 -1.174696579730397161e+01 3.622673570719030067e+00
-9.232773519622924141e+00 -1.333417542958397917e+01 4.250055663243301751e+00
-9.412361364015225718e+00 -1.468595973726354487e+01 5.916904057972487863e+00
-9.541719217274135190e+00 -1.662770230261975257e+01 7.627407438218142488e+00
-9.513009806748527808e+00 -1.830432298733109064e+01 9.040247543679242881e+00
-9.491743727551408938e+00 -1.998538226658314443e+01 1.037157987140506066e+01
-9.391718990516608301e+00 -2.055427638178616689e+01 1.200464326305757368e+01
-9.392176253538707442e+00 -2.232704890807815445e+01 1.311462013344987554e+01
-9.549645008184825201e+00 -2.334417890405904927e+01 1.443742249084482410e+01
-9.795097198125631621e+00 -2.440193322079892368e+01 1.503335335338317691e+01
-9.834372908565228499e+00 -2.395280011412103249e+01 1.527707976350495755e+01
-1.022786501698692518e+01 -2.385671255356851361e+01 1.732279768067053283e+01
-1.044919123257938054e+01 -2.497002271270901019e+01 1.854740080826309168e+01
-1.041302246505983931e+01 -2.643225790319729640e+01 2.055247728078836644e+01
-1.055945118614289413e+01 -2.693950529179710429e+01 2.124307691262731623e+01
-1.086992030139316512e+01 -2.739727384552668354e+01 2.184962705840075614e+01
-1.075330593642468102e+01 -2.818468676070051515e+01 2.077595457498057385e+01
-1.046296640933002209e+01 -2.715397169869953586e+01 1.928484035037604372e+01
-1.010282609753221550e+01 -2.570225212553793881e+01 1.800386688243361277e+01
-1.024738788303471893e+01 -2.493434293075705455e+01 1.658984052069786230e+01
-1.006449892209900554e+01 -2.460967081423405034e+01 1.487500739448580589e+01
-9.986879947078250552e+00 -2.392602306257964528e+01 1.387758605827104930e+01
-1.014720539767307628e+01 -2.268471761760429217e+01 1.117719649913840385e+01
-1.003662234239163809e+01 -2.245230951264818486e+01 9.941183287536887292e+00
-1.018495550112237424e+01 -2.278274753873949976e+01 8.626488968825924530e+00
-1.047252664628450702e+01 -2.402985053436134422e+01 8.202797115233465775e+00
-1.068263696190820156e+01 -2.527648960304998127e+01 8.651972715631472965e+00
-1.102771691532859677e+01 -2.647268729095168283e+01 1.007946243188735025e+01
-1.114928742407346363e+01 -2.720436532302124988e+01 1.142828730166399964e+01
-1.099722318917071107e+01 -2.803171393165371228e+01 1.231575119667854779e+01
-1.114771139734637018e+01 -2.877946490201406959e+01 1.322665406747216821e+01
-1.135636655810441198e+01 -2.913255405626347283e+01 1.450274087705724924e+01
-1.137691139759965608e+01 -3.005982818443879978e+01 1.595614524579730187e+01
-1.154479780510274622e+01 -3.060315706288724869e+01 1.732217310438829827e+01
-1.118748387516768616e+01 -3.084362352753720415e+01 1.831761371309653441e+01
-1.105241397457172070e+01 -3.156291430367207340e+01 1.886974412561630743e+01
-1.117831590645539563e+01 -3.147408808634850175e+01 1.887630730325361128e+01
-1.136525536091204458e+01 -3.197544171600571872e+01 1.853074282656541527e+01
-1.108354601821315555e+01 -3.166825873404894764e+01 1.674316819227897213e+01
-1.101349829493489096e+01 -3.113084478151989742e+01 1.466065155349087945e+01
-1.068169444751845276e+01 -3.089431901679904513e+01 1.379048178352752529e+01
-1.112584871688687826e+01 -3.071898412834042347e+01 1.364900416791897442e+01
-1.110294885759907402e+01 -3.061310248554013924e+01 1.237410647239516948e+01
-1.101997307327644648e+01 -3.008494035349400519e+01 1.024273731711127766e+01
-1.121310490140041338e+01 -2.977595656459936890e+01 8.546633110117682008e+00
-1.111558534491211958e+01 -3.005408261828608829e+01 6.846791707190618581e+00
-1.148574811276779428e+01 -3.139926770522566812e+01 6.392809541064366385e+00
-1.201201385719639347e+01 -3.346697670309350769e+01 6.230359268618030910e+00
-1.170674424648376544e+01 -3.495925964501253702e+01 6.297404752514239590e+00
-1.164908876662127568e+01 -3.668952230936110936e+01 7.737007958292679177e+00
-1.132634049441367097e+01 -3.732017823246923172e+01 9.736961115842859726e+00
-1.139753124359521053e+01 -3.738475348727160963e+01 1.233904863337556890e+01
-1.153258657434361112e+01 -3.714647303624923325e+01 1.388827834173935116e+01
-1.152100247584797899e+01 -3.693455946409318358e+01 1.538320193452705098e+01
-1.158384982939440988e+01 -3.577744775440856984e+01 1.705145492146198194e+01
-1.172459767313125667e+01 -3.495369077127037372e+01 1.949807681292975303e+01
-1.135617751648328522e+01 -3.271182023564801966e+01 2.144129467502250463e+01
-1.154298012863858958e+01 -3.151693768419573871e+01 2.229426446650552407e+01
-1.117209643614711467e+01 -2.961775478206254775e+01 2.301560531647442076e+01
-1.144712960599895268e+01 -2.948974644700626868e+01 2.300315789094793217e+01
-1.147514659249281976e+01 -2.918864527843709311e+01 2.356527649503595967e+01
-1.088500015834688384e+01 -2.730826558895188327e+01 2.404286342046225400e+01
-1.030782923334925272e+01 -2.574452915036880540e+01 2.406021284094219936e+01
-1.003319449639673167e+01 -2.465356985638561582e+01 2.392848547034020612e+01
-9.516777526415467037e+00 -2.381065072733974830e+01 2.355584869648430413e+01
-9.352004465686945878e+00 -2.285576633873915853e+01 2.266723157040530623e+01
-8.678059048174702639e+00 -2.173780592355626595e+01 2.159447281262657725e+01
-7.936397427161011819e+00 -1.878152946451984917e+01 2.068910861207757534e+01
-7.947094685564536576e+00 -1.829956450918530209e+01 1.992078448774475419e+01
-7.977125013941417819e+00 -1.863828888578342458e+01 1.831419244471385355e+01
-8.422733420035399377e+00 -2.022095042819239552e+01 1.850636197729431842e+01
-8.672755249132308109e+00 -2.089992685488311963e+01 2.046779421790665765e+01
-8.742494072624822365e+00 -2.097938547250322472e+01 2.152249108939145117e+01
-8.637374081974314777e+00 -2.056789937087592079e+01 2.228866743643550308e+01
-8.793329901719232566e+00 -2.075494207280934233e+01 2.286010669184577182e+01
-8.769367105162245934e+00 -2.077075075000249171e+01 2.275491948735646019e+01
-8.337571156549415718e+00 -1.971842901662085978e+01 2.083386125751235340e+01
-8.215029662039739833e+00 -1.874106119263376513e+01 1.970639741638785836e+01
-8.010166380936198038e+00 -1.822396183307512274e+01 1.895173811187919455e+01
-8.111492288165891296e+00 -1.869802123841134289e+01 1.819417879263073701e+01
-8.794177775618720716e+00 -2.078928749418093958e+01 1.952069511329113993e+01
-8.945026527718653142e+00 -2.125234004675633059e+01 2.047596860117710094e+01
-9.297843147632818273e+00 -2.159103036776184581e+01 2.209110532061470167e+01
-8.861393890273234319e+00 -2.069354631154971003e+01 2.173401692109769101e+01
-8.400880828935726186e+00 -1.948125095674106433e+01 2.076162626522318533e+01
-7.942632330500259741e+00 -1.874651108327446991e+01 1.929549503378234476e+01
-7.797249512590383347e+00 -1.787899597497090554e+01 1.774438746380440080e+01
-8.083034165484718869e+00 -1.680475152349237078e+01 1.681803056012131492e+01
-7.850539211967202391e+00 -1.571653701673631076e+01 1.621350265352316455e+01
-7.710824017814502440e+00 -1.456192480298642522e+01 1.549097610386672841e+01
-7.557448396392430823e+00 -1.363911058816051991e+01 1.467358519616084322e+01
-7.567030772216128298e+00 -1.270740094092178651e+01 1.365878966274271988e+01
-7.272848010030884325e+00 -1.204680422572357656e+01 1.315597648002301412e+01
-7.375733882089662075e+00 -1.219822362292012485e+01 1.316844799448972481e+01
-7.865417617369928394e+00 -1.400381675622600142e+01 1.239379611728418240e+01
-8.413744596654112229e+00 -1.470964758144936013e+01 1.186812510158415535e+01
-8.265280088390056790e+00 -1.367183107127328867e+01 1.139721509312994385e+01
-8.392843263101553930e+00 -1.266870420208857695e+01 1.002622581313914907e+01
-8.513420278861588031e+00 -1.127618294849088443e+01 8.669399883613778002e+00
-7.703030593140056226e+00 -1.032031397996632904e+01 9.459450808290739587e+00
-6.722973586593923301e+00 -8.495497949100752066e+00 1.003167853162335632e+01
-6.066838035987530020e+00 -7.315302468589095497e+00 1.129524721767734263e+01
-5.329947515886090059e+00 -5.520318188540500159e+00 1.268128848866012959e+01
-5.671582358955447489e+00 -7.206629889106466180e+00 1.378306018052319359e+01
-6.259442340185216835e+00 -9.734850775169775261e+00 1.442361665398141213e+01
-6.678895937100264746e+00 -1.308152613826399602e+01 1.562663987682753941e+01
-6.470974561030629957e+00 -1.383665087038792763e+01 1.647703593405867650e+01
-6.747839648588410455e+00 -1.410718765605867020e+01 1.617948515343118743e+01
-7.477715955794053571e+00 -1.600209946878408118e+01 1.503832004294076796e+01
-8.295435414810640395e+00 -1.743884417255270591e+01 1.433701774960002240e+01
-9.216286611085195091e+00 -1.920882859832346412e+01 1.303367002721302015e+01
-9.428481363956848327e+00 -2.031120262500780882e+01 1.377171778774925315e+01
-9.397418997533577567e+00 -2.113372071929836693e+01 1.490411481887610989e+01
-9.793917848192563724e+00 -2.245203153712117228e+01 1.630363288763714991e+01
-9.889075435041831952e+00 -2.408777197054968155e+01 1.873573799480902835e+01
-1.052196973333610686e+01 -2.509153646819669348e+01 2.014922112781357555e+01
-1.065818516428049634e+01 -2.610180515962230174e+01 2.101861621114574064e+01
-1.058272633457011125e+01 -2.650958057066088713e+01 2.112813116879374320e+01
-1.089041457653570433e+01 -2.706123076817738138e+01 2.097948040971107275e+01
-1.120037751224469957e+01 -2.794682858189941044e+01 2.014107447752940061e+01
-1.076558644100924766e+01 -2.681264786584466719e+01 1.876986214698524691e+01
-1.045318615571363807e+01 -2.556707446925037175e+01 1.677519225635137445e+01
-1.020649637453516334e+01 -2.433563221801421150e+01 1.500773814227216008e+01
-1.032490775847463738e+01 -2.306796440570184359e+01 1.287618184550717615e+01
-1.014720961940048483e+01 -2.239941293617073370e+01 1.126345506570214638e+01
-1.051810060307417416e+01 -2.384500334168359359e+01 1.062894294989780519e+01
-1.129409593429318193e+01 -2.633843374789802283e+01 1.089431829380612271e+01
-1.114764623766461682e+01 -2.698241976683669918e+01 1.103415745659708591e+01
-1.111099161854525619e+01 -2.753855539205460445e+01 1.245837734383474071e+01
-1.148803653861801877e+01 -2.877879007790318155e+01 1.448363364848762558e+01
-1.153325969184527366e+01 -2.945004233350107370e+01 1.672802550496953700e+01
-1.144987558014923934e+01 -3.002990456531381369e+01 1.748589914080810104e+01
-1.148655233151384891e+01 -3.001993682188782486e+01 1.867724358404655050e+01
-1.146680283279323476e+01 -3.076466000620888508e+01 1.880380463981839512e+01
-1.186132212289970767e+01 -3.237072338442851560e+01 1.795876042279974172e+01
-1.164660347696428744e+01 -3.184980016159971683e+01 1.722852962805711741e+01
-1.122816817046032156e+01 -3.163084921868176025e+01 1.560458700573769875e+01
-1.114840574009156171e+01 -3.145896208016392848e+01 1.439113504800297960e+01
-1.118007086611197565e+01 -3.154130779561495501e+01 1.326354286285913986e+01
-1.135484814687458766e+01 -3.121702642678053508e+01 1.295286940197161130e+01
-1.151658611694256251e+01 -3.084292233935701688e+01 1.289657097886401971e+01
-1.147991861876334951e+01 -3.073934428892977166e+01 1.152914071625048109e+01
-1.157080471157098600e+01 -3.032096476064288026e+01 1.048733261504798975e+01
-1.140259728226357083e+01 -2.963974484423488320e+01 1.029124956173006922e+01
-1.138489331394168858e+01 -2.853960199352212612e+01 1.045265426782134455e+01
-1.165843295008716041e+01 -2.747819585561757094e+01 1.086972017588686867e+01
-1.157563187941923388e+01 -2.536480612106259969e+01 1.157075602610996157e+01
-1.148573085708989083e+01 -2.450716264165902203e+01 1.241527927279571486e+01
-1.116518261785279265e+01 -2.292851803653672960e+01 1.227323180452663109e+01
-1.100456998129857311e+01 -2.192100448478913677e+01 1.272398786813323568e+01
-1.049385544514058211e+01 -1.994165159967343470e+01 1.273885921733119631e+01
-9.981367108027995982e+00 -1.907988203078485867e+01 1.284667232306696860e+01
-9.527558566315349253e+00 -1.842650589965535346e+01 1.361615736451813063e+01
-9.130298556503419150e+00 -1.774502492855606306e+01 1.382205039994153140e+01
-8.890097718710251229e+00 -1.724727948488299489e+01 1.460725518560832370e+01
-7.840569259140011127e+00 -1.545404152438749179e+01 1.553592381111047871e+01
-6.709470034814501105e+00 -1.360648004469595662e+01 1.672299968975744378e+01
-6.122806371879676135e+00 -1.201968546848178221e+01 1.738789420382977369e+01
-6.198568802078341378e+00 -1.114634958453046920e+01 1.596648410104421600e+01
-6.318706122439834871e+00 -1.075461544239601608e+01 1.531424801047182882e+01
-6.121955770296096944e+00 -9.242227473953846584e+00 1.405434458574791279e+01
-5.970776340093209456e+00 -7.864607876280388155e+00 1.343854508283982341e+01
-5.917219986451300429e+00 -6.883876652830792864e+00 1.286195113494477482e+01
-5.303088675195056112e+00 -5.457354952292462258e+00 1.150732382221485750e+01
-5.130365640019249440e+00 -5.200205799430591469e+00 1.109350950830719285e+01
-4.824256077860752612e+00 -4.645956146845605872e+00 1.041744472189031967e+01
-4.595332045304587609e+00 -4.565635594984826184e+00 1.032222982420034896e+01
-4.835242483870331398e+00 -4.401368786012142209e+00 1.018908941791517009e+01
-4.874608114668490089e+00 -4.465050346196107967e+00 1.024829227779684970e+01
-5.037118392904005759e+00 -4.581479769671375379e+00 1.051100712319600916e+01
-5.078387468543610339e+00 -4.524047776652366792e+00 9.274237758859612768e+00
-5.537776360751593074e+00 -5.931953157130578802e+00 8.668877151479023269e+00
-5.936033669584787731e+00 -6.429740390225504143e+00 8.561004418303014063e+00
-6.470019723735447315e+00 -7.472167747732555654e+00 9.153505925332638071e+00
-6.903552859799731323e+00 -9.251620462543826307e+00 1.048145323121002548e+01
-7.374253452930588537e+00 -1.113788723594365138e+01 1.182137598936162703e+01
-7.516143472805310921e+00 -1.239100874499376914e+01 1.233113609422730406e+01
-7.694827145385261247e+00 -1.405636132625022583e+01 1.348544413240983886e+01
-7.634585925100225268e+00 -1.605175189582263329e+01 1.467003689886121265e+01
-7.702321749306804577e+00 -1.666713354511625766e+01 1.568270843407981374e+01
-7.914142706063330479e+00 -1.779799716303546120e+01 1.733236201461102155e+01
-8.408244463849996464e+00 -1.925112600845534416e+01 1.901946032536022813e+01
-9.609948546643011014e+00 -2.181101364792800723e+01 2.171935749048577691e+01
-1.010453829367247636e+01 -2.340410440489222310e+01 2.269807129359992359e+01
-1.080020551881386837e+01 -2.597869509162535451e+01 2.319422211948221957e+01
-1.109467097986316730e+01 -2.756200868672925708e+01 2.173114875871419827e+01
-1.094660791183855508e+01 -2.794084996936749121e+01 2.027590177209560807e+01
-1.073429388782994920e+01 -2.774762739643989562e+01 1.877331816580419854e+01
-1.072481092899306532e+01 -2.709453127025682306e+01 1.670738531101244462e+01
-1.087705576450161971e+01 -2.665981927770252469e+01 1.515355491475941108e+01
-1.096541596925573003e+01 -2.596308587591437345e+01 1.384501783409189102e+01
-1.089254857485246930e+01 -2.520236484540390620e+01 1.257256246314443615e+01
-1.105020936268880405e+01 -2.417872530989637880e+01 1.088410397132577145e+01
-1.068965753933991891e+01 -2.281006110775331308e+01 9.252456318351960363e+00
-1.030308013420693669e+01 -2.237730394811211454e+01 8.977256621054380048e+00
-9.935706448894563891e+00 -2.098087505753721871e+01 8.572825248094204653e+00
-9.938267093524132179e+00 -1.981835853531470093e+01 9.011481996139309558e+00
-9.677508387802220113e+00 -1.805418785070338572e+01 9.532901244068170854e+00
-9.497066879434839848e+00 -1.696189504645229817e+01 9.409511789811517701e+00
-9.590517989040961311e+00 -1.661701925942486469e+01 8.744446848945472084e+00
-9.437754486874041504e+00 -1.411134925649804472e+01 6.876256808578546043e+00
-9.346812827228120568e+00 -1.435898701618691575e+01 6.130446882793535224e+00
-9.130477355095592884e+00 -1.320074049743811884e+01 4.779302710760021000e+00
-8.791187082449539503e+00 -1.204204313272759919e+01 3.989424849254305627e+00
-8.683366389425714260e+00 -1.144976857810559068e+01 3.599087468226116471e+00
-8.370267535069331188e+00 -1.060462253994302273e+01 3.515872172740614587e+00
-7.482805310642902441e+00 -9.296924447705407601e+00 4.161246732035124296e+00
-7.491471261367166790e+00 -9.411834850965760779e+00 5.434039007041633340e+00
-7.949287763266568163e+00 -1.037546042199630847e+01 7.153169113368562648e+00
-8.475091342421308127e+00 -1.185518219062288381e+01 8.567900172720783303e+00
-8.714409513982445787e+00 -1.369502005461777117e+01 1.025386035800158879e+01
-8.641201463466700261e+00 -1.563272816751634764e+01 1.173471263347630611e+01
-9.034463224403452841e+00 -1.694728495478869945e+01 1.306851212602214218e+01
-8.793913973765029368e+00 -1.830781371109446809e+01 1.587952974135896511e+01
-8.848900324060764433e+00 -1.910746255932627946e+01 1.754809134196887044e+01
-9.179155144194965033e+00 -1.973052228623026849e+01 1.906506069711156215e+01
-9.159975190655416100e+00 -2.045841271458783694e+01 2.060499916620824479e+01
-9.401726378997523170e+00 -2.240063936209838857e+01 2.115015143077187076e+01
-9.904830331339042004e+00 -2.422575403813141293e+01 2.227271877749467421e+01
-1.059181574909780466e+01 -2.573674878293718393e+01 2.286469044706711884e+01
-1.123084337828839807e+01 -2.775520972278053478e+01 2.232051059621630884e+01
-1.124421179496613377e+01 -2.914337019227383507e+01 2.139585566220659985e+01
-1.124157024420736661e+01 -3.045949591031120463e+01 2.135590685295073854e+01
-1.131248675730194009e+01 -3.101227762725403636e+01 2.007115371459076414e+01
-1.141683626723789757e+01 -3.143612568602367219e+01 1.892095843696813517e+01
-1.151272096667980804e+01 -3.225548823646727215e+01 1.778094070923543768e+01
-1.174058875712677263e+01 -3.255208744280361088e+01 1.466676899030699133e+01
-1.203708442557228864e+01 -3.169067842039720517e+01 1.224699953080198611e+01
-1.159404884130475466e+01 -3.069554796859074486e+01 1.031393720082326126e+01
-1.176560704112034728e+01 -2.930370642299573092e+01 8.455861648861969115e+00
-1.146818156619866613e+01 -2.822911534319416660e+01 7.453148424766823155e+00
-1.115633911219140373e+01 -2.734822577978223990e+01 6.725344798549826919e+00
-1.082450382690740298e+01 -2.696095641788559760e+01 6.148786381942727530e+00
-1.089365994089712331e+01 -2.626097026566816339e+01 6.402379966362673258e+00
-1.070800170112789829e+01 -2.497821395498209540e+01 7.394801598020308120e+00
-1.046816665108747202e+01 -2.358968753831646836e+01 7.576740377173678098e+00
-1.020540915470303389e+01 -2.234988423118841183e+01 7.612813542618368956e+00
-9.837359342991135236e+00 -2.096841559951820955e+01 8.305840544242300894e+00
-9.566217658627067522e+00 -1.851993661582474715e+01 9.447522369267176146e+00
-9.249407658618110872e+00 -1.703114401061600347e+01 1.054081160146358798e+01
-8.589545464698687738e+00 -1.510757507604040484e+01 1.136460104054651765e+01
-8.453749337123610985e+00 -1.426768855179346929e+01 1.246025694419097363e+01
-6.239958679652545470e+00 -9.770167359015715647e+00 1.410668782655045561e+01
-5.698566665864575498e+00 -9.347734243667844112e+00 1.383708494357586005e+01
-6.081186551297037113e+00 -8.975243622717869130e+00 1.401623387040876878e+01
-5.849983654520030996e+00 -7.816524068896740118e+00 1.354544626307642829e+01
-5.717765128784037643e+00 -7.381205782443089447e+00 1.261108098637998864e+01
-5.813101380330749635e+00 -6.740957158962032736e+00 1.238288602584100317e+01
-5.207812375020978379e+00 -5.326095359877683677e+00 1.087037548512716967e+01
-4.898619767964873972e+00 -3.742805228896997960e+00 9.752576136282300467e+00
-4.866952992138749323e+00 -4.056297768097010703e+00 9.201157295897132826e+00
-5.415874397468144252e+00 -5.190429231823713963e+00 7.286895975470542908e+00
-6.451872378942823616e+00 -7.250528856823677870e+00 6.496693786877131060e+00
-7.106203807157271513e+00 -8.523745557146128249e+00 5.569683228871440406e+00
-7.624432462047025183e+00 -9.496738005085035184e+00 4.850022947118645789e+00
-8.286114625594620975e+00 -1.080786892956928114e+01 4.062996905543286630e+00
-8.858115674816644969e+00 -1.222135527498073770e+01 3.808701342833728631e+00
-9.250890131262337945e+00 -1.350104175618690761e+01 4.994721304946551754e+00
-9.414257403962835724e+00 -1.469043363508734501e+01 5.999966465958664230e+00
-9.878150587316042675e+00 -1.608769735487686603e+01 7.523239897546773136e+00
-9.694455282433239063e+00 -1.706497523287470131e+01 8.094176155770242076e+00
-9.671828565688883828e+00 -1.835688491171652004e+01 8.851231614542371062e+00
-9.738497766354043961e+00 -1.879801253936443572e+01 1.027977772029146308e+01
-1.006046254200276735e+01 -2.029363028690511328e+01 1.103628030387199033e+01
-9.807332472200300799e+00 -2.085842479287038032e+01 1.184255409001582393e+01
-9.830664745101557855e+00 -2.115915105621320436e+01 1.296125961107770763e+01
-9.616729121821435911e+00 -2.195550588060103792e+01 1.474239296763778384e+01
-9.452726135764976334e+00 -2.257360298213990291e+01 1.661239342701742316e+01
-9.591222400373112578e+00 -2.339302282278481471e+01 1.682076436290526544e+01
-1.030985332824513989e+01 -2.482475251149242013e+01 1.806274224183187016e+01
-1.049045345752080038e+01 -2.551945552921864646e+01 1.891298601010248603e+01
-1.120317248983855052e+01 -2.742355476608565823e+01 1.989683451078474263e+01
-1.140988916433917666e+01 -2.945616864091590514e+01 2.000958626651367922e+01
-1.156894287217920692e+01 -3.079257483885385227e+01 2.006001844399247602e+01
-1.160400336354820183e+01 -3.174442790086101240e+01 1.934601563357296072e+01
-1.140747475704080216e+01 -3.199680091130534265e+01 1.801358201505706802e+01
-1.135883349735189540e+01 -3.237963821029336486e+01 1.658914180970623420e+01
-1.130651182636688645e+01 -3.210822546281923451e+01 1.462495566674044767e+01
-1.143208353044184378e+01 -3.150182371324501673e+01 1.370296476532632823e+01
-1.135312113761489172e+01 -3.108584190300086902e+01 1.248079972527136761e+01
-1.130520012214515191e+01 -3.123381703474603910e+01 1.121676403656374532e+01
-1.116749802924567803e+01 -3.097618478335681402e+01 8.646049013280730833e+00
-1.107925299448646683e+01 -3.057981166477316037e+01 7.613748568594701283e+00
-1.108454739089455643e+01 -3.043292055530736206e+01 7.030914114475763199e+00
-1.155366933003983831e+01 -3.211602329124940525e+01 6.759340778110185965e+00
-1.168962193647615777e+01 -3.351557166194999127e+01 6.458714566845628724e+00
-1.160689949273159982e+01 -3.465925927289475794e+01 6.933868074762699507e+00
-1.170077308070517574e+01 -3.540621552911801473e+01 7.675280012678399544e+00
-1.181075429354797279e+01 -3.573923680545044590e+01 9.327211671322174880e+00
-1.195051983930841288e+01 -3.645841481451526533e+01 1.200027568856751259e+01
-1.191924159922592708e+01 -3.656465121711335087e+01 1.352037023842092367e+01
-1.169859676588879438e+01 -3.586323551078072569e+01 1.518747233404951658e+01
-1.164901890455831790e+01 -3.540495370733270875e+01 1.721264473731719136e+01
-1.150326164210787283e+01 -3.474069439125150893e+01 1.848915328272732950e+01
-1.155215035292002312e+01 -3.422897278135957322e+01 2.006427864876059175e+01
-1.147409146463019169e+01 -3.312784428979563245e+01 2.101375186233201475e+01
-1.139384785970418079e+01 -3.185978373768722349e+01 2.215654062292060189e+01
-1.126717772869824330e+01 -3.006374394858238475e+01 2.330154316742289211e+01
-1.119425803395859020e+01 -2.902494657525460298e+01 2.402892442148970531e+01
-1.076551567671685916e+01 -2.767842189576850842e+01 2.380872971702910945e+01
-1.039444874674393304e+01 -2.653974565218049975e+01 2.304418368815288432e+01
-1.014290131637397963e+01 -2.527271457434210333e+01 2.204321088908750426e+01
-9.635891714783099360e+00 -2.330812776783898244e+01 1.970843102028595695e+01
-9.329472083034829666e+00 -2.230439672126226469e+01 1.918140459608889614e+01
-8.533018214399533008e+00 -1.982484891722208431e+01 1.686584969536158951e+01
-8.667634781541892153e+00 -1.778386368988680033e+01 1.495588957212589776e+01
-8.653594164573746639e+00 -1.709063831450276894e+01 1.311339215143766523e+01
-8.584045490691664781e+00 -1.622704288067791367e+01 1.148895156432638487e+01
-8.525979875292591714e+00 -1.592394565609549772e+01 1.093610217624166125e+01
-8.675823240312865892e+00 -1.517568193046713532e+01 1.098169317836607206e+01
-8.721516076770512882e+00 -1.426649405995323150e+01 1.037711766551387882e+01
-8.689817184988953613e+00 -1.233055287918534759e+01 8.695051101732246934e+00
-8.139802587982558180e+00 -1.060889030212382522e+01 6.142816573980553585e+00
-8.160846770233376901e+00 -1.080886559258397028e+01 4.960921410204036874e+00
-8.492896649110775797e+00 -1.205451525234866494e+01 4.844015338180270192e+00
-9.134996867565462253e+00 -1.310483721554214753e+01 5.259577394241659931e+00
-9.577988384582738490e+00 -1.542187124330450843e+01 6.203071252151744375e+00
-9.650462047177938985e+00 -1.714321285793647576e+01 7.501473510459391036e+00
-9.611030307248313420e+00 -1.836172465209256188e+01 9.451803075371344676e+00
-9.523905033639266549e+00 -1.989482425593882908e+01 1.122339117206615811e+01
-9.293091841946534259e+00 -2.065233964530102639e+01 1.226117471554425720e+01
-9.149021428389573884e+00 -1.954596829512030354e+01 1.318284679400528603e+01
-8.716080258658791990e+00 -1.801976136221139768e+01 1.388902440267361271e+01
-7.366979361549965688e+00 -1.542860021548989380e+01 1.564385223062754449e+01
-6.135840465797230081e+00 -1.262868355035828927e+01 1.724567518490891871e+01
-6.241915203464714068e+00 -1.264608407210272389e+01 1.837886596328758060e+01
-5.923846654715362092e+00 -1.062228395280862969e+01 1.846783698523756811e+01
-5.596324589898188151e+00 -9.059586214896057754e+00 1.757883956561192917e+01
-5.286868621822179648e+00 -8.822814664177599298e+00 1.739824286008263243e+01
-5.633131209354701241e+00 -8.555308340042074633e+00 1.734765082231547240e+01
-5.782587383991995011e+00 -8.508527838852785408e+00 1.716453279941322307e+01
-5.995224280759373414e+00 -8.508723261230443313e+00 1.719643955430296955e+01
-5.716382935909336993e+00 -7.781342746615791839e+00 1.781468543811820382e+01
-4.913492624695550148e+00 -6.287955805978810986e+00 1.713072206959566302e+01
-4.202406576961664086e+00 -5.061559915316934166e+00 1.600113374165778168e+01
-4.203743314497103256e+00 -4.800951105937201646e+00 1.616548676611841984e+01
-4.234990992221185024e+00 -4.911898268453114724e+00 1.610522356247156495e+01
-4.822722998548670148e+00 -5.017783910593323071e+00 1.627776738041177396e+01
-4.852605616493690377e+00 -4.681110383706425182e+00 1.515822158178093559e+01
-4.506264598101779484e+00 -3.654097665637152659e+00 1.504132414808168505e+01
-3.114392022826450557e+00 -1.261153711795543586e+00 1.411372116533073040e+01
-2.590961764760265851e+00 -1.256596800473062103e+00 1.334886657012168598e+01
-2.746209746391912176e+00 -1.614876286842672926e+00 1.265160159588731403e+01
-3.548042446482895684e+00 -2.510370121511073194e+00 1.191427165761831475e+01
-4.505325986773243585e+00 -3.970817127917939615e+00 9.984921834972396937e+00
-5.276046862757652889e+00 -5.451939471301784579e+00 8.530426897036932132e+00
-5.888471029261836520e+00 -6.686151625826710188e+00 7.259520877402110273e+00
-6.718548209627442702e+00 -8.267809392306958216e+00 6.371284990466506315e+00
-7.146723035601723950e+00 -9.496107628133017897e+00 7.276890102287097761e+00
-7.402896086178316182e+00 -1.001956640800096920e+01 7.974763032869873314e+00
-7.940731777467192387e+00 -1.127855141711643228e+01 9.105807122879241433e+00
-8.303231519523819770e+00 -1.263796179546363874e+01 1.025682331656742008e+01
-8.298697611472789504e+00 -1.496284713518349463e+01 1.216514755970536044e+01
-8.302373184180169119e+00 -1.706337042565655793e+01 1.271562766144359102e+01
-8.417464012833818288e+00 -1.774816066584293139e+01 1.373153361475044676e+01
-9.277271125703578036e+00 -1.875859039137901618e+01 1.405822006330015483e+01
-8.796439732785188426e+00 -2.019232890762987154e+01 1.598468231663423467e+01
-9.018660379130665206e+00 -2.114780995186094970e+01 1.755392452065996167e+01
-9.944678855348229263e+00 -2.340812356638571146e+01 1.947368291913801386e+01
-1.045740013378713229e+01 -2.537667033383439730e+01 2.043728865914113157e+01
-1.098001005125627216e+01 -2.620292169303149876e+01 2.117070964402410027e+01
-1.152350657323552241e+01 -2.763487652168760178e+01 2.052364740185043956e+01
-1.150182983055918839e+01 -2.815044329876786833e+01 1.918789294534451528e+01
-1.153580379757738683e+01 -2.854758528562001629e+01 1.840297624005222588e+01
-1.145363881252984584e+01 -2.837648972205994369e+01 1.717290945353568077e+01
-1.136672276006532911e+01 -2.822701800837216979e+01 1.574054395927760197e+01
-1.128787937053414225e+01 -2.809806170070794451e+01 1.493764164953597628e+01
-1.110434277504742795e+01 -2.771597883718368394e+01 1.376072487226372232e+01
-1.110919784265433918e+01 -2.701233251376447697e+01 1.230627177595397370e+01
-1.107639629857101227e+01 -2.617877439926411398e+01 1.133617914019225736e+01
-1.097321721855036003e+01 -2.530693974550598568e+01 1.014116700848421715e+01
-1.079596427512171886e+01 -2.482898616797547220e+01 9.063860276827995222e+00
-1.052029884097976264e+01 -2.413147778997961268e+01 8.186520794650277821e+00
-1.038603560330523123e+01 -2.331742586296945774e+01 8.286125332666188115e+00
-1.022036168842271309e+01 -2.234319515309471171e+01 8.776703661697183634e+00
-1.016785912214066911e+01 -2.166195970873229726e+01 8.635999519640904509e+00
-9.655690518908329523e+00 -1.943538867700988249e+01 9.829707716762072778e+00
-9.730189165706860877e+00 -1.877389700149581131e+01 9.893004720990916212e+00
-9.519812162082985196e+00 -1.776091678644081640e+01 1.057881206572460542e+01
-9.020251337829449767e+00 -1.664331166705386522e+01 1.063677351685180383e+01
-8.815628693101587032e+00 -1.514903805706916273e+01 1.097542723037520318e+01
-8.650659144017367908e+00 -1.477743119398888894e+01 1.117843174547977014e+01
-7.835268176609133661e+00 -1.327777474094568788e+01 1.232824711942214435e+01
-7.537510159455791836e+00 -1.198138989122014664e+01 1.241289175615770546e+01
-7.187295541609955762e+00 -1.125184602323952276e+01 1.293551301641821283e+01
-6.361030607418456384e+00 -1.002723849342044105e+01 1.426105486001813460e+01
-5.864261407467495246e+00 -9.001442682014499042e+00 1.552596492154088992e+01
-5.850432614020803612e+00 -8.436302747721242667e+00 1.649235612139773366e+01
-5.946230518014090194e+00 -9.216067981312448865e+00 1.817022967746788709e+01
-6.471839047458558980e+00 -1.138415720349053117e+01 1.962611239533987373e+01
-6.463349807647205125e+00 -1.381608187957942846e+01 2.002796228956333380e+01
-7.333820395818406723e+00 -1.685801368661850574e+01 1.987026754269049889e+01
-8.353628991107768798e+00 -1.931156811120536076e+01 2.018831030803596605e+01
-9.342485744304553918e+00 -2.226406638402795579e+01 2.164380846462927366e+01
-1.010581756691800592e+01 -2.449456955794903479e+01 2.171572636321525351e+01
-1.068464851191851039e+01 -2.578027477258160616e+01 2.149361262412548967e+01
-1.086583190562367918e+01 -2.665368931766374772e+01 2.077754081361251792e+01
-1.140001854341898024e+01 -2.821122420429287558e+01 2.027019951313184265e+01
-1.170095562856243987e+01 -2.973627994657033469e+01 1.945092871483052477e+01
-1.201616939396490125e+01 -3.160220121655311232e+01 1.848545639389305961e+01
-1.187276652153917667e+01 -3.327639344414058087e+01 1.724143270152399054e+01
-1.177170508162043916e+01 -3.324951324896619553e+01 1.673227491076795559e+01
-1.161295433888136586e+01 -3.259975447273723148e+01 1.477750623930876372e+01
-1.167103129738495682e+01 -3.208662108678527147e+01 1.279295451688483354e+01
-1.144415052105483710e+01 -3.200919527914822993e+01 1.125638151686678157e+01
-1.145533695670127372e+01 -3.061691156578228856e+01 9.868606090243247309e+00
-1.138389614044660902e+01 -3.009472763287999442e+01 7.610080517095070718e+00
-1.110338877186904938e+01 -3.012057739474755635e+01 6.471616279724571541e+00
-1.137017782325284543e+01 -3.076296864107303008e+01 5.750310870929411067e+00
-1.174277825329835423e+01 -3.290456326261926279e+01 6.163992140075492898e+00
-1.172320395171578866e+01 -3.413943932296274397e+01 6.803480984133670972e+00
-1.204609495401325603e+01 -3.538406132676470861e+01 7.307640929665240037e+00
-1.192707403304757463e+01 -3.564295993447569799e+01 8.296137702973283012e+00
-1.189580116872201643e+01 -3.577626988102792893e+01 9.427173108941474311e+00
-1.186194270386164362e+01 -3.626353257246705653e+01 1.058095792273331881e+01
-1.179829513711729305e+01 -3.643907881349127820e+01 1.320960830254841767e+01
-1.165601224720393247e+01 -3.612533578288616809e+01 1.436111481688567437e+01
-1.150431661602488020e+01 -3.562546858852556397e+01 1.574861249954608411e+01
-1.174752282000275727e+01 -3.539244389145176228e+01 1.577469418174359816e+01
-1.191058292572608934e+01 -3.498859355314095865e+01 1.619614696754865690e+01
-1.185139476293454663e+01 -3.419423065779596982e+01 1.931023602935408690e+01
-1.184103433503719316e+01 -3.363489078530403731e+01 2.047346291215853853e+01
-1.153587569912832578e+01 -3.227145159629480986e+01 2.097242292142072984e+01
-1.172137782410482032e+01 -3.254481068968811996e+01 2.130264198582233348e+01
-1.164587513661859930e+01 -3.209453688887191447e+01 2.230472624016169902e+01
-1.178493016860477383e+01 -3.085184855368305534e+01 2.315537838595116682e+01
-1.168061519560995976e+01 -2.993552917280311476e+01 2.356785391520475059e+01
-1.143102154187351971e+01 -2.815845333584320542e+01 2.384411672388330317e+01
-1.065171336256514678e+01 -2.628892541709029729e+01 2.218343976759842917e+01
-1.007109652709601733e+01 -2.537522056781983792e+01 2.130519286450942218e+01
-1.021095255446437022e+01 -2.473753508409004098e+01 2.037524977845953345e+01
-9.480809138528684343e+00 -2.266767088508686356e+01 1.827453063502150599e+01
-9.048671773542594110e+00 -2.106114877281248710e+01 1.684281039024813253e+01
-8.731142749252740032e+00 -1.848926932710327264e+01 1.498725391312780175e+01
-8.311306560879472727e+00 -1.681957765689196549e+01 1.369588500224665495e+01
-8.342801521606304505e+00 -1.588287904801961758e+01 1.280965353040016907e+01
-8.461796036774387630e+00 -1.403413931039142426e+01 1.064267241276547793e+01
-8.536199757601082183e+00 -1.320385797753641555e+01 1.013245655516186616e+01
-8.335897520907963099e+00 -1.161203729940888252e+01 8.733180156459525278e+00
-8.199119173982012398e+00 -1.097588254478955605e+01 7.578472662806689186e+00
-8.136748304851607827e+00 -1.050956993633423053e+01 7.023337479946007988e+00
-7.588272532047540153e+00 -9.572011911599247469e+00 5.631275595500824238e+00
-7.370284692439156515e+00 -8.994006500490456801e+00 4.076985400376429425e+00
-7.306035284922927531e+00 -8.434176483610258401e+00 3.005055335616702905e+00
-7.532739051327780544e+00 -9.426960669621280431e+00 2.189546400966492001e+00
-7.931723835992329441e+00 -1.013104746015142155e+01 2.031753076166864957e+00
-8.434857449158243980e+00 -1.101192331980837480e+01 2.243025345331489007e+00
-9.131010167481349526e+00 -1.296489665638188171e+01 3.469548532425051235e+00
-9.634089679494309166e+00 -1.453668559455218201e+01 5.281625996873231088e+00
-1.009970455758246999e+01 -1.710040067238878692e+01 6.601774050172593888e+00
-1.014457881348295132e+01 -1.881628260869973701e+01 6.737991984536279233e+00
-1.005609528441550538e+01 -2.045674099276817515e+01 6.728592117437756315e+00
-1.041170607337113552e+01 -2.264409870669817337e+01 7.259681489058948500e+00
-1.048905614445379797e+01 -2.293434935459379176e+01 7.490457133434347270e+00
-1.076977682922893109e+01 -2.422931532825379009e+01 8.720860791272571078e+00
-1.077936210867437694e+01 -2.529812447627676875e+01 1.011448191739407321e+01
-1.089522512555504363e+01 -2.686237764478181589e+01 1.161481168570355749e+01
-1.108584968716928643e+01 -2.719588023917543751e+01 1.241321155764023842e+01
-1.098125180407129164e+01 -2.805303692754137046e+01 1.470335180006009068e+01
-1.108638397234221884e+01 -2.820942186581794431e+01 1.560744294608593918e+01
-1.091305637530092554e+01 -2.825998175789982270e+01 1.552328917540239672e+01
-1.098223448325717300e+01 -2.829219760812310369e+01 1.557006012045440002e+01
-1.117879891747702459e+01 -2.817314587700269612e+01 1.537782560524601649e+01
-1.119749690510383289e+01 -2.773282283263534964e+01 1.504664428893954664e+01
-1.114122748924842199e+01 -2.735917493921073174e+01 1.481177095900693530e+01
-1.102519449644290717e+01 -2.692844812936209564e+01 1.471419134378811577e+01
-1.088371045523268776e+01 -2.637269448034243169e+01 1.526010542768619871e+01
-1.015027578724004798e+01 -2.452722586628419776e+01 1.652269663032723201e+01
-9.807148907017221973e+00 -2.321342442289346764e+01 1.709903265168645703e+01
-9.326526268465840985e+00 -2.215890332431041543e+01 1.773907298058611559e+01
-8.461206490765448507e+00 -1.957098148642006663e+01 1.880317784653584567e+01
-7.791670096965503944e+00 -1.759565289379077058e+01 1.824841366137650311e+01
-7.200377822447933340e+00 -1.566770262483527176e+01 1.748478160123443104e+01
-6.819863165087326706e+00 -1.466130090398388575e+01 1.651444302914239870e+01
-6.481314910072285329e+00 -1.375557293492471445e+01 1.618324424552974961e+01
-6.304657658755388638e+00 -1.256354922944689179e+01 1.610813484514119409e+01
-6.240431936173592931e+00 -1.139802493587063736e+01 1.635517122154749359e+01
-6.239395045852802468e+00 -9.932862260797321596e+00 1.507118321653115345e+01
-6.009212190575567547e+00 -8.664877941315182852e+00 1.405309973929024636e+01
-5.795002741231087384e+00 -7.258748563999290582e+00 1.305163722743679955e+01
-5.678826047948462019e+00 -6.409980349021225265e+00 1.224161899186742630e+01
-5.253041266718298630e+00 -4.721410510439341124e+00 1.136593059133144834e+01
-4.632667786963679646e+00 -3.680956681582131296e+00 1.045245955223447254e+01
-4.157859130167082640e+00 -2.730541902957213551e+00 9.316159672627236432e+00
-4.093589916078713031e+00 -3.228888276866996421e+00 8.621381691169403894e+00
-4.326870235242211038e+00 -3.084995454992338182e+00 7.840416148158283249e+00
-5.060712523758695625e+00 -4.587295507523151628e+00 7.549842842265661602e+00
-5.224842651687765738e+00 -4.998015920535578971e+00 7.187148156462967563e+00
-5.395809912488687132e+00 -4.883526424181638959e+00 5.658736349394985155e+00
-5.603266303011764649e+00 -5.525682487084566219e+00 5.454821856237799693e+00
-5.627810547690614840e+00 -6.243469483612784643e+00 6.079470870350405676e+00
-6.167748611497870570e+00 -6.532271409286181552e+00 6.856031217332542838e+00
-6.644335829248404934e+00 -7.239774602848342511e+00 6.181768788400859194e+00
-6.997379277349068616e+00 -8.153692961576666676e+00 5.524129433062853423e+00
-8.013887314509759108e+00 -1.055007504959507969e+01 5.007527271892627141e+00
-8.568301948224075204e+00 -1.295328498990267008e+01 5.616915191256111939e+00
-8.793241191763229381e+00 -1.313976150849282476e+01 5.768685390764176191e+00
-9.381078194640736001e+00 -1.434627215795762822e+01 6.192974753976386637e+00
-9.608524867136054581e+00 -1.605421997941385825e+01 7.079291351433994350e+00
-9.686661471202626217e+00 -1.764871227176251978e+01 8.267447394712576170e+00
-9.616606108280620901e+00 -1.904100677931648988e+01 1.028712447425562004e+01
-9.735974924685251608e+00 -2.070777535195077235e+01 1.196916773082193686e+01
-9.794241977482101902e+00 -2.212420331699814824e+01 1.368525197973849572e+01
-9.957824978024177653e+00 -2.285486618026652650e+01 1.565971052601958036e+01
-9.839491548903708917e+00 -2.282373915448209800e+01 1.731744998744579789e+01
-8.928411017989219545e+00 -2.026076891776250477e+01 1.850346210338398123e+01
-8.368281479118934385e+00 -1.938750492471984899e+01 2.068582921640256700e+01
-8.795766292522898766e+00 -2.055040139733165461e+01 2.252150197061621384e+01
-9.297006165934419641e+00 -2.204323408341821278e+01 2.299807824750018881e+01
-9.908098045491669836e+00 -2.406226131036243032e+01 2.335220854505905663e+01
-1.029555455879017245e+01 -2.528836163114056035e+01 2.262628758064943213e+01
-1.143450101661426288e+01 -2.882359531509513317e+01 2.260405524095858709e+01
-1.187655876447450964e+01 -3.063499627696779726e+01 2.156015523370945175e+01
-1.177899142436433522e+01 -3.152953637505595452e+01 2.029369430429153454e+01
-1.154304729929634732e+01 -3.154834760147792849e+01 1.836280913681878246e+01
-1.136766445644173018e+01 -3.139862691511905268e+01 1.724320139685721642e+01
-1.133875406700997246e+01 -3.137328921177339680e+01 1.718122400393679072e+01
-1.151572987901482747e+01 -3.127092542310225554e+01 1.677786355078228553e+01
-1.145667732711683584e+01 -3.108347548717517839e+01 1.588138074218829843e+01
-1.141079360381627339e+01 -3.040846259923830530e+01 1.479919042603034995e+01
-1.134540332152585052e+01 -3.048940106792201732e+01 1.289068162860962730e+01
-1.119872887099739955e+01 -3.010983139392510566e+01 1.106082567414955520e+01
-1.125633397860940477e+01 -2.968522430751272623e+01 9.969190919849893362e+00
-1.121853256473218607e+01 -2.904844115416062778e+01 8.484426230533813396e+00
-1.099188293487344481e+01 -2.813158991807989651e+01 7.730298477089945663e+00
-1.069554513057300937e+01 -2.725221761616933236e+01 7.646050433537766366e+00
-1.050979646580759663e+01 -2.685751364848147205e+01 7.354339737325858550e+00
-1.081897115747625548e+01 -2.652440034687100479e+01 7.119912725171161583e+00
-1.116586683347537701e+01 -2.613340913465543736e+01 7.093796961026214376e+00
-1.081433231326667510e+01 -2.502713613010200788e+01 6.994859864872751132e+00
-1.030090262940308321e+01 -2.320147875378518165e+01 7.500383592467642302e+00
-1.004395172329236630e+01 -2.145648807511764744e+01 7.776878601160774451e+00
-9.811985912668376386e+00 -1.992037498357495906e+01 8.759702331392759334e+00
-9.551562156201271137e+00 -1.856798425070650183e+01 9.535284989799038158e+00
-8.983241780391949760e+00 -1.556654466145846527e+01 1.103790094140185829e+01
-8.109470072229044035e+00 -1.375268993332849732e+01 1.173005616444436328e+01
-7.124498165407260331e+00 -1.122172264457412894e+01 1.320020730869657655e+01
-6.619372524245477507e+00 -1.051934953427081609e+01 1.450582934815952285e+01
-6.202847487946826277e+00 -1.027089816712748416e+01 1.523507685511287946e+01
-5.892431047462309834e+00 -8.785438340388509459e+00 1.583048497148411116e+01
-5.903964184584879149e+00 -7.775974170858148682e+00 1.686402052673793150e+01
-5.959615066279354778e+00 -7.416519885273601176e+00 1.764224654894792366e+01
-6.066819025519123443e+00 -9.433596461040337999e+00 1.880434952758412237e+01
-6.355421479782876304e+00 -1.108184751975295512e+01 1.963356601981615768e+01
-6.627580194017070880e+00 -1.413140464562343368e+01 2.067379020928638056e+01
-7.409516440849415631e+00 -1.676441601107842416e+01 2.056806061102486183e+01
-8.149569543121060633e+00 -1.860268682087354364e+01 2.115806635085391463e+01
-9.138884926261766850e+00 -2.119802620487325839e+01 2.270874441047965320e+01
-9.974310010051681274e+00 -2.404124700082155641e+01 2.287310448795290085e+01
-1.055766675904402518e+01 -2.551334725799966918e+01 2.223033829736527878e+01
-1.145350577330810893e+01 -2.821962994983135786e+01 2.160547646983502545e+01
-1.150092487161265353e+01 -2.946285895404554367e+01 2.047570951826048713e+01
-1.194244944187136070e+01 -3.090705886112453982e+01 1.988426629099569709e+01
-1.197402904528166800e+01 -3.218779636017848134e+01 1.854463129622263295e+01
-1.165738201959186426e+01 -3.251612404830450487e+01 1.626418192338542212e+01
-1.148732188749875149e+01 -3.230428576155077280e+01 1.469384292361939970e+01
-1.150331910681893532e+01 -3.166286160407855732e+01 1.279050406517330885e+01
-1.153167442549403177e+01 -3.075852070571789909e+01 1.114897459459780293e+01
-1.143636865863015828e+01 -3.009279492591821281e+01 9.098959045359265474e+00
-1.145949420602835289e+01 -2.971254175047067747e+01 6.747184819965582392e+00
-1.118578218472316621e+01 -2.894912982400234114e+01 5.404270330810049927e+00
-1.122269724870187702e+01 -2.826752047871144669e+01 6.031734333046188112e+00
-1.115325277309960939e+01 -2.699737484437349622e+01 6.547372186878419598e+00
-1.078546150539983728e+01 -2.492668109358800166e+01 6.905786325169401607e+00
-1.048032571290718806e+01 -2.333492081534251383e+01 7.830774280397122311e+00
-9.840377080725488668e+00 -1.991224971576986036e+01 8.676377734128209340e+00
-9.496788177376686235e+00 -1.935366045490309261e+01 9.631208900076899226e+00
-9.198252548708353515e+00 -1.726566287839875713e+01 1.026537205477438874e+01
-8.492580257360316409e+00 -1.593328651772560534e+01 1.104075796298525347e+01
-8.873975325007052106e+00 -1.535725093452685996e+01 1.108152162511498773e+01
-8.660735430436545812e+00 -1.474216367918256765e+01 1.110634708203474474e+01
-7.481092273004890103e+00 -1.172405630298408141e+01 1.162660546145741591e+01
-7.138986972540692477e+00 -1.062438618099736232e+01 1.289510918329881406e+01
-6.637102074073652602e+00 -8.952036047555679943e+00 1.131034471373050110e+01
-6.524071503504387692e+00 -8.552265230307398269e+00 1.127063735584852111e+01
-6.602196555218256435e+00 -7.582768750567993266e+00 9.441327935572644492e+00
-6.156487382010652709e+00 -6.310072900584714262e+00 7.534714334003297154e+00
-6.453808588242509359e+00 -6.981342629500204566e+00 6.564235362221324976e+00
-7.026873718485489917e+00 -8.077354675494348157e+00 5.073814497701732762e+00
-8.334884402467196196e+00 -1.063891344637181646e+01 3.568872445796728243e+00
-8.951743409605626312e+00 -1.215503161929359521e+01 3.956505352358476557e+00
-9.643010638731368545e+00 -1.473010066613267099e+01 5.628341186096804449e+00
-9.709446612503938923e+00 -1.586512036037674989e+01 6.840815052428524723e+00
-9.699311763027139932e+00 -1.749994779986093363e+01 8.993297184697212288e+00
-9.666681782019793445e+00 -1.962795976888344285e+01 1.152367363635835318e+01
-9.709294555868495991e+00 -2.141763942439661150e+01 1.443472963686235744e+01
-9.983206971682932362e+00 -2.335516879166277704e+01 1.754461977479581947e+01
-9.910299099084852514e+00 -2.410230798968439103e+01 1.860530494240526878e+01
-1.064087590024035990e+01 -2.545890288223176867e+01 2.070888699449415071e+01
-1.133977479925511034e+01 -2.851284674218015880e+01 2.125143493694213248e+01
-1.143719212377754957e+01 -2.953309149997005534e+01 2.148034369439153579e+01
-1.184484479421757896e+01 -3.057307163812811268e+01 2.134887545725678137e+01
-1.240586141362706485e+01 -3.186758341766130798e+01 2.158626802732112537e+01
-1.206224025671127720e+01 -3.306219249258174386e+01 2.051152415257820394e+01
-1.169491058729084898e+01 -3.400453646247501638e+01 1.847588813096967897e+01
-1.170988587957685922e+01 -3.412877378495534231e+01 1.769279366620435212e+01
-1.179433937146711742e+01 -3.533039484254351237e+01 1.525239008646531147e+01
-1.149403352724743854e+01 -3.555432419697359592e+01 1.410316817500404341e+01
-1.171470862741671226e+01 -3.565002018058919475e+01 1.158329520799225065e+01
-1.155117739082652406e+01 -3.525862195927743414e+01 1.037983437386526475e+01
-1.173331488388419075e+01 -3.503288960319702028e+01 8.448091244413149070e+00
-1.161706178403744616e+01 -3.360915148780560457e+01 7.259222689389844163e+00
-1.165961183465708473e+01 -3.287917811243931965e+01 6.041721916044480167e+00
-1.180046082619008985e+01 -3.245421329108575037e+01 5.861327750253053637e+00
-1.130683275526644138e+01 -3.100102442222561194e+01 4.987180805473485634e+00
-1.107601440460126696e+01 -3.009526341292826146e+01 5.079532525905506191e+00
-1.104237428150838696e+01 -2.895090276428368270e+01 5.189345306186737616e+00
-1.105252647355359841e+01 -2.810055452091455663e+01 5.893859621863157372e+00
-1.103375100891679494e+01 -2.725413641053472702e+01 6.235699240955682399e+00
-1.075151224914088743e+01 -2.456343547844471686e+01 7.046890912724052214e+00
-1.037812495120203948e+01 -2.350496738550947384e+01 7.636661964392033042e+00
-1.013050951392983734e+01 -2.134231084586667748e+01 8.277271958766164062e+00
-9.660887807004314709e+00 -1.953478117205565923e+01 9.281744700831609407e+00
-9.441206002352544147e+00 -1.764971858174874342e+01 9.677748641872881308e+00
-8.866805957565418339e+00 -1.576761319855916099e+01 1.096763853611832928e+01
-8.764028268445372305e+00 -1.537442590144735277e+01 1.127671943833308887e+01
-8.127881488630350759e+00 -1.336462609484522090e+01 1.160391815826210404e+01
-7.188582638642287748e+00 -1.138419735810020939e+01 1.149152498779665166e+01
-7.353443994339897927e+00 -1.093958758634505557e+01 1.297524947521969807e+01
-6.957547595233393167e+00 -1.096184225946035440e+01 1.410023738312088426e+01
-7.051326316743256939e+00 -1.329273084129340532e+01 1.498302231986201605e+01
-7.312164865750844456e+00 -1.521184150628062071e+01 1.607402362240168259e+01
-7.617425366047427815e+00 -1.658648934897530580e+01 1.707456641120745644e+01
-7.818896940725210243e+00 -1.752906215847826843e+01 1.801636020636192370e+01
-7.955017671917460120e+00 -1.825157815753016166e+01 1.883456242313434359e+01
-8.490624034571624179e+00 -1.967429730988556003e+01 2.045987997415284099e+01
-8.864191343547247470e+00 -2.033896412392198272e+01 2.136653583241286469e+01
-9.156897120849976091e+00 -2.130831019087133882e+01 2.180565437894529168e+01
-9.627606780111534590e+00 -2.274482447901561954e+01 2.189035155376643615e+01
-8.911132257538326940e+00 -2.097030729171547137e+01 2.140467461768878366e+01
-8.284927485641276235e+00 -1.860910012077249576e+01 2.047210124062962677e+01
-7.705187298004886998e+00 -1.704181451354418186e+01 2.071109172247952301e+01
-7.057697074777479429e+00 -1.474680709145320634e+01 2.152596635501981837e+01
-6.573381883420950089e+00 -1.371464624891905260e+01 2.020030379310969693e+01
-6.469084973075155176e+00 -1.254699850788153981e+01 1.920046394854398386e+01
-6.420699090731375236e+00 -1.160159424555001806e+01 1.913188556140539731e+01
-6.201093830514992078e+00 -9.947764487627296148e+00 1.827287664200298423e+01
-6.221085115212247274e+00 -8.098428807289110409e+00 1.815282214323860899e+01
-6.032500979024575827e+00 -7.074118933687032040e+00 1.763888460923192270e+01
-5.840259218854157552e+00 -7.024095925861161049e+00 1.673659624015635927e+01
-5.941730667041440483e+00 -8.423786651862542385e+00 1.508508553488695725e+01
-5.910278856306547368e+00 -7.700130376177412472e+00 1.399177183610663633e+01
-5.675559820773855790e+00 -6.241943051543671572e+00 1.341005547208510507e+01
-5.798395481532622853e+00 -6.617405849335455059e+00 1.260314932755102291e+01
-6.406783049903197025e+00 -7.555211466731293513e+00 1.095016998429548494e+01
-6.545949780668934181e+00 -8.563807792422721832e+00 1.137080215091430091e+01
-6.924828021314112902e+00 -1.037150935861336620e+01 1.258924161524464580e+01
-7.310241914361938598e+00 -1.193883893325005374e+01 1.344365464185648307e+01
-7.579016230176819136e+00 -1.535752889124671583e+01 1.403857142462777574e+01
-7.776082733100679434e+00 -1.562216508734536546e+01 1.445841336230694196e+01
-7.839619341238517336e+00 -1.560840040426649011e+01 1.449080551414465390e+01
-7.745046162257381184e+00 -1.564561031148059556e+01 1.511974668260586441e+01
-8.235642508598402856e+00 -1.785045988302601927e+01 1.734444989402095416e+01
-8.202270781054210147e+00 -1.899010006640526171e+01 2.025585142938030003e+01
-9.087977046038474782e+00 -2.073700201006784027e+01 2.189368247214940766e+01
-9.605280169563627624e+00 -2.247427822579004442e+01 2.271461251341020215e+01
-1.077691259057888828e+01 -2.550490704645801543e+01 2.272771540079259012e+01
-1.144473006881025867e+01 -2.780467482825417846e+01 2.171460420894993604e+01
-1.178940516251645931e+01 -3.000581434129765057e+01 2.039700598850640745e+01
-1.189134009298715000e+01 -3.156674325741562370e+01 1.903625395047640723e+01
-1.198289787092818415e+01 -3.318128846858860470e+01 1.887869220804805082e+01
-1.177224621612475630e+01 -3.396724737477427425e+01 1.825674401017420223e+01
-1.192812891238258999e+01 -3.474557723813143184e+01 1.779780188759298198e+01
-1.234523914831191860e+01 -3.575689461827698779e+01 1.717556124004170215e+01
-1.210424046719708713e+01 -3.604377261447848468e+01 1.532349118008801270e+01
-1.202075837792995117e+01 -3.693659227480736718e+01 1.363841888453964657e+01
-1.126623310579122972e+01 -3.696190350869233043e+01 1.189078515374035305e+01
-1.122652549997593496e+01 -3.695993320907348334e+01 1.104437500029541752e+01
-1.143128250194405382e+01 -3.682090486310193000e+01 9.244989300627594275e+00
-1.154575449110097907e+01 -3.642416527112334279e+01 8.052384720408099383e+00
-1.145844407106199014e+01 -3.596148742417324229e+01 6.479610838849680476e+00
-1.122973007616462837e+01 -3.492058322077900812e+01 5.054183569578867719e+00
-1.139639238897603946e+01 -3.436118024634038193e+01 4.574883922787194024e+00
-1.141057136450882581e+01 -3.287718414820056978e+01 4.238080454078954062e+00
-1.139897236826226390e+01 -3.171815914514644419e+01 4.593621541825314125e+00
-1.144785549870096020e+01 -2.944764256687739135e+01 5.025929643319614115e+00
-1.099438236662638246e+01 -2.765482017120041291e+01 6.031033460992603068e+00
-1.081251659889926486e+01 -2.447491863822637015e+01 6.531341055931875417e+00
-1.038901534775646951e+01 -2.248559427370491903e+01 7.763006872369487610e+00
-1.014125317042885399e+01 -2.021953530157156820e+01 6.173155686643781337e+00
-1.001082800724361732e+01 -1.700951710400465799e+01 5.755925470070565098e+00
-9.760280458173951956e+00 -1.519475696409676857e+01 5.298524974875135740e+00
-9.383413120909096961e+00 -1.357653394261387803e+01 3.869540691006022826e+00
-9.020665352798800996e+00 -1.218172079137173114e+01 3.079451983603235021e+00
-7.936575873224796851e+00 -9.966521091967138091e+00 2.589300904267361148e+00
-7.344833980253611116e+00 -8.112374957742417791e+00 1.313011766380441259e+00
-6.567344399156411328e+00 -6.575950174492049882e+00 3.153281815694640500e+00
-4.870978327555917531e+00 -3.784625074689415669e+00 5.572555605896013731e+00
-4.234656225430455834e+00 -2.533424059259118621e+00 7.835770724302506096e+00
-3.254751059843215444e+00 -1.051306862325759539e+00 9.464360026821509564e+00
-2.917532202203858560e+00 -8.845264791157205764e-01 1.164773431596393038e+01
-2.867480283975737620e+00 -4.603647502201511088e-01 1.307070622731816911e+01
-3.294795178335164110e+00 -1.885648837588178139e+00 1.447088743579377024e+01
-3.808700681484026518e+00 -2.650180743446867382e+00 1.536252112323552410e+01
-4.545110494949256008e+00 -4.088450898693054114e+00 1.747852288261378817e+01
-5.085363676972519897e+00 -5.922141183071744308e+00 1.876754080676653302e+01
-5.449718658023130047e+00 -8.573777113389155602e+00 1.992869146511770850e+01
-6.331368541477559120e+00 -1.172613954838880090e+01 2.118765487906864564e+01
-7.399435739320779248e+00 -1.493697431656210028e+01 2.244267658987700997e+01
-7.488143597286125441e+00 -1.670747678483883192e+01 2.376741989344634476e+01
-7.700655389010705676e+00 -1.796614782451956671e+01 2.611725664325547314e+01
-8.892032020666988501e+00 -2.009340503184057525e+01 2.649563527581688049e+01
-8.763850081420400784e+00 -1.992746873003079600e+01 2.629148439812070137e+01
-9.174050196212078845e+00 -1.994534989325484275e+01 2.782791954015624469e+01
-1.048962796465559677e+01 -2.415134391042249717e+01 2.855575562568560599e+01
-1.114366465157775110e+01 -2.624186250658453901e+01 2.753303632814299817e+01
-1.207546204262064293e+01 -2.928257629356562575e+01 2.524501119936610394e+01
-1.235533857499905253e+01 -3.122386560051120341e+01 2.341242786275233811e+01
-1.222174301334445090e+01 -3.311021551726025791e+01 2.070390544960730494e+01
-1.187423747068237390e+01 -3.496552554753145614e+01 1.866829874345353346e+01
-1.163062138390171185e+01 -3.508259530217549127e+01 1.675052454579326877e+01
-1.173122066201182179e+01 -3.471559286517367582e+01 1.636679437419434180e+01
-1.171864647908159895e+01 -3.288688735408584307e+01 1.775435031937877284e+01
-1.163305149654837578e+01 -3.103583692648214765e+01 1.743427084445295350e+01
-1.105221569488924160e+01 -3.016048811072892022e+01 1.755371925679833112e+01
-1.110386746866248586e+01 -3.027155493966660060e+01 1.852045829138501176e+01
-1.161351390004728046e+01 -3.024347244666142842e+01 1.844845476818534280e+01
-1.136621646039975531e+01 -2.900527645298211610e+01 1.802214003494214012e+01
-1.145207818255818211e+01 -2.893240207746265469e+01 1.861461466257799202e+01
-1.133680928529838638e+01 -2.724124986469439591e+01 1.910969676416470975e+01
-9.995180921981614119e+00 -2.338998349533528653e+01 2.090616693842525819e+01
-9.146801881780561416e+00 -2.116105911271273499e+01 2.118060153981195981e+01
-8.185285657516885749e+00 -1.814896234814739273e+01 1.980680042450444489e+01
-8.093512753397476445e+00 -1.673409903930360088e+01 1.762720244039905992e+01
-7.409744384006216933e+00 -1.389359702700681964e+01 1.501446701645784287e+01
-6.912984762356302326e+00 -1.230714061199870457e+01 1.421344980875505826e+01
-7.366423653615697731e+00 -1.074412727544773816e+01 1.201649255904146685e+01
-7.197009254807255729e+00 -9.555104652621935202e+00 1.104157366926460782e+01
-7.174800700435582712e+00 -8.894671461696361803e+00 1.032888992808477724e+01
-7.742005462335555421e+00 -9.727905590954378567e+00 8.719797216463234690e+00
-8.213023282910683065e+00 -1.101774160530652580e+01 8.687240663498641879e+00
-8.605331759479724951e+00 -1.337398238459434197e+01 1.060116836162660547e+01
-8.792131309454305210e+00 -1.537036568454686858e+01 1.211272373763767973e+01
-8.839973638290757663e+00 -1.696949789673641362e+01 1.330141079758777778e+01
-8.757123683242014067e+00 -1.772595995543446179e+01 1.378490760846273133e+01
-9.104043684382531865e+00 -1.964865745162160238e+01 1.540353499184129760e+01
-9.165358398582498012e+00 -2.125970812651013375e+01 1.629715389229340872e+01
-8.979382909649245903e+00 -2.140887194535707749e+01 1.622660734267617499e+01
-9.043021413124790797e+00 -2.141200187933196730e+01 1.633983058970352431e+01
-9.161005377884350764e+00 -2.137041325300816652e+01 1.639422263275923797e+01
-9.115314379656979327e+00 -2.137903175488986562e+01 1.625954313727243061e+01
-9.008625945323501583e+00 -2.145312369278218512e+01 1.494764689944076963e+01
-9.216912843930685995e+00 -2.187233727767954861e+01 1.548091084346265234e+01
-1.025349790130979954e+01 -2.398096468733740494e+01 1.586918609727206331e+01
-1.071250490307198788e+01 -2.527397933963192145e+01 1.540248825712205871e+01
-1.121326190475309659e+01 -2.683521980769967286e+01 1.473252525205600705e+01
-1.117219742336982335e+01 -2.773772485625585205e+01 1.292999145898443203e+01
-1.089507252525146441e+01 -2.715409315544235369e+01 1.169902687383444118e+01
-1.095149381766111674e+01 -2.622869333208063836e+01 9.931854643630231294e+00
-1.065936244881800121e+01 -2.511091968335426827e+01 8.038197456078137293e+00
-1.068208721971745945e+01 -2.483560033016510715e+01 7.451560185296784766e+00
-1.116688313853552472e+01 -2.598469848293763107e+01 6.260204090702700341e+00
-1.118804385849506389e+01 -2.691978405792139029e+01 6.056843577109248145e+00
-1.176052451313768188e+01 -2.986002243882950324e+01 6.282478344098876732e+00
-1.166275956557302607e+01 -3.086990329759430551e+01 6.770984877656587742e+00
-1.168058865853021189e+01 -3.113995468801942934e+01 7.225123557569418153e+00
-1.170671711121764247e+01 -3.161615222650584656e+01 8.336939829036623451e+00
-1.230106198603908751e+01 -3.192630944002024762e+01 1.204227469598095013e+01
-1.219120625711991579e+01 -3.267897796290748147e+01 1.354229006362254495e+01
-1.193441096781890565e+01 -3.226880811319517761e+01 1.518212823863336780e+01
-1.203699874614022747e+01 -3.332645200503810656e+01 1.698380298252175180e+01
-1.190860631681414361e+01 -3.422122188743207971e+01 1.787730561266789664e+01
-1.215605678460167383e+01 -3.527390295415449373e+01 1.884693222566431814e+01
-1.174179663357642767e+01 -3.374728331830328898e+01 2.036246949860060340e+01
-1.177434562980340615e+01 -3.244586574732016970e+01 2.154297892093518385e+01
-1.141311450323416921e+01 -3.060652824575726072e+01 2.252790499416607872e+01
-1.053219806112417700e+01 -2.804450966695202396e+01 2.319400114029156157e+01
-1.089750901380773485e+01 -2.787111051807761442e+01 2.330005644050481806e+01
-1.123905867802642433e+01 -2.842211413818762367e+01 2.312720504732931204e+01
-1.129249646742488267e+01 -2.844752040633142087e+01 2.288207294978928985e+01
-1.158445268426510211e+01 -2.851953440639795190e+01 2.256421433362606876e+01
-1.183802632473839367e+01 -2.794909561601639325e+01 2.211940225809325966e+01
-1.115723133257091604e+01 -2.619982616448919543e+01 2.265775118019689671e+01
