1.495376694852939181e+01 8.182870222024881457e+01 7.473282486461766894e+01
1.566699258046304521e+01 8.142534868828009564e+01 7.578898343967114215e+01
1.582420517141764549e+01 8.107575088124107765e+01 7.606261709411921856e+01
1.592906367368522069e+01 8.103841269444893669e+01 7.587225773452723843e+01
1.608942588940084306e+01 8.108967935966416007e+01 7.565903868363136553e+01
1.553142880666911196e+01 8.155293536641912056e+01 7.581394968559163772e+01
1.470683800158133181e+01 8.216891562095565860e+01 7.588760455759461365e+01
1.274538828019120729e+01 8.519544178245975274e+01 7.763971127574336606e+01
1.259245373529239487e+01 8.600128680662443514e+01 7.792657317555676855e+01
1.196160596775052909e+01 8.691300326328358494e+01 7.936897767848643070e+01
1.206625312470043809e+01 8.607215157933029559e+01 8.035829612414011081e+01
1.224742391370648420e+01 8.536000714048330451e+01 8.018242938268087983e+01
1.249892134115924591e+01 8.482967513952719685e+01 7.907794780494361930e+01
1.276963027825445351e+01 8.568888881787975720e+01 7.728412407580970012e+01
1.370454670794856611e+01 8.458329036035139836e+01 7.573861444238855256e+01
1.559750200853557089e+01 8.234986025755304695e+01 7.498727718221709893e+01
1.687036313934351028e+01 8.179281585919756026e+01 7.477993395758426232e+01
1.682817107371369048e+01 8.137306784274089466e+01 7.487063626817109707e+01
1.651181057622244452e+01 8.105705678474672027e+01 7.529771979654572078e+01
1.601528184799872179e+01 8.051832548643160692e+01 7.664631572608834631e+01
1.620528627958867673e+01 8.025604654586798858e+01 7.833123480134452166e+01
1.620820673402988632e+01 7.982744135497941329e+01 7.970708061029051805e+01
1.632562723582736908e+01 8.002924053851245390e+01 7.985726669291364033e+01
1.615526701075469873e+01 8.110087458687381456e+01 8.039955801684288872e+01
1.532350755685700960e+01 8.203575578067012941e+01 8.123898055578058575e+01
1.444607840039418534e+01 8.268668408823447180e+01 8.179429233807582023e+01
1.341437746050161195e+01 8.356241013937828654e+01 8.261399077316275452e+01
1.242102478212927963e+01 8.498187726887761073e+01 8.363901498017537506e+01
1.201363928021123684e+01 8.624271959409115595e+01 8.421635963323933538e+01
1.156625208693242257e+01 8.865603444729654825e+01 8.296686757684597069e+01
1.167901230916470467e+01 8.886288568861927217e+01 8.198860939842541029e+01
1.176091032365121691e+01 8.991233049248957343e+01 8.005368283303437238e+01
1.195952403117331642e+01 9.074009856804813978e+01 7.862563380279391367e+01
1.284382925893726224e+01 8.958974219375298276e+01 7.680087940280714065e+01
1.364062594953179541e+01 8.812633029210414293e+01 7.548120925708678897e+01
1.508445882101995039e+01 8.663374659460146177e+01 7.485178738361980777e+01
1.520843198782478112e+01 8.556596158782311079e+01 7.459909866272209911e+01
1.600618820058912206e+01 8.273288841066495536e+01 7.489405206462583919e+01
1.583688722258756343e+01 8.191699990346754134e+01 7.525803119522140605e+01
1.572707121872923608e+01 8.086363298281965228e+01 7.651815614512588581e+01
1.507469332824587127e+01 8.094495014729770332e+01 7.745294048304640455e+01
1.447804346985668644e+01 8.113843177243617788e+01 7.805580061369221312e+01
1.306949877200992205e+01 8.273246523061447988e+01 7.859632975471163263e+01
1.223023802618246236e+01 8.571579676418576810e+01 7.930186709500856068e+01
1.170008652066150034e+01 9.030552239008483184e+01 8.028654406909379304e+01
1.144910300407047998e+01 8.874117640043525057e+01 8.218193491833437747e+01
1.169164182781213412e+01 8.689579343058149163e+01 8.305776483855436254e+01
1.216648909691411973e+01 8.550938179197244438e+01 8.405028168560579616e+01
1.189191985723982725e+01 8.564097079564699300e+01 8.461759671088259438e+01
1.168732970408575511e+01 8.536587355235980112e+01 8.534959014316211778e+01
1.180616550649710916e+01 8.428620902740536280e+01 8.684614911523033243e+01
1.213236589952271061e+01 8.300003145216597034e+01 8.686305669083606062e+01
1.220676602394695465e+01 8.271614885846479126e+01 8.652231013191919828e+01
1.226290790256211949e+01 8.237816481561709736e+01 8.604538349070071490e+01
1.251206527920606959e+01 8.167825268514611992e+01 8.596739791468678504e+01
1.328884267002945307e+01 7.969047460603877653e+01 8.475990998715917613e+01
1.373999310551914732e+01 7.914205144631104361e+01 8.364326976963195648e+01
1.535234049882734553e+01 7.826606463955054949e+01 8.210840344595374063e+01
1.587373263222457354e+01 7.907548079589788870e+01 8.147347157327135392e+01
1.499188198663824778e+01 8.109102379071089217e+01 8.154983860362995074e+01
1.360920886018709552e+01 8.252287890038915918e+01 8.251614466191722386e+01
1.318827334268996765e+01 8.311354704484755018e+01 8.292746980347260433e+01
1.204701249699655818e+01 8.419453049260346233e+01 8.474895562875678934e+01
1.171433146647950707e+01 8.466199081028530316e+01 8.582461075073774737e+01
1.181286085424000021e+01 8.450302048876429239e+01 8.717484506132097977e+01
1.177556049429637142e+01 8.455125550829366432e+01 8.775585606510230718e+01
1.193363980464505403e+01 8.414654893621332121e+01 8.844150183193050907e+01
1.216235614459446879e+01 8.363039445077441769e+01 8.896687854986635102e+01
1.240021299572345015e+01 8.283449594592762821e+01 8.899967615678326638e+01
1.283207116974386963e+01 8.138680139548878856e+01 8.855793498662421825e+01
1.386671529394061508e+01 7.966887135212688520e+01 8.773234677476489196e+01
1.510008070757925225e+01 7.876065964294815558e+01 8.744831850819582542e+01
1.551573273554066645e+01 7.805446897320973676e+01 8.679977415519476835e+01
1.573496500997259773e+01 7.769625151998879176e+01 8.594226024461067936e+01
1.614509840798928053e+01 7.747554608306126056e+01 8.554732380801078762e+01
1.632021363759395172e+01 7.728526907549742475e+01 8.490941810198614803e+01
1.642347480519117653e+01 7.721952677553258582e+01 8.476017745389492575e+01
1.639908588521632282e+01 7.720079567886187988e+01 8.463099173187640645e+01
1.619342334601657285e+01 7.718640491398328152e+01 8.418014842210777715e+01
1.543651659524289244e+01 7.773222415948445985e+01 8.272782423663613827e+01
1.553198311858938041e+01 7.863980042292901373e+01 8.195658799085049395e+01
1.545099245378020214e+01 8.112976311910966842e+01 8.146678215125393763e+01
1.466002192026411421e+01 8.245985735648025639e+01 8.186676468809093876e+01
1.414241965468579565e+01 8.283749208485193094e+01 8.064388379315983002e+01
1.315216506136704311e+01 8.368773344001795067e+01 8.303335615257049085e+01
1.253439666396667462e+01 8.446626936731125568e+01 8.376185281781920366e+01
1.166104041606837427e+01 8.608093269101978251e+01 8.541694625143259145e+01
1.137177259294458054e+01 8.717108139687239543e+01 8.603426385816567290e+01
1.265982146817486864e+01 8.605009098189218264e+01 8.875905509591621012e+01
1.375225833002514264e+01 8.441003833353869368e+01 9.065459409910761224e+01
1.378774908294616353e+01 8.393011682965197906e+01 9.029100926546539085e+01
1.352499495544083175e+01 8.377780503277205071e+01 9.058416250151208260e+01
1.275658854526710684e+01 8.250397209964116030e+01 9.051018568865015368e+01
1.257310304820583724e+01 8.257083505857337968e+01 9.096542427824795141e+01
1.288419601161189121e+01 8.298225880837809143e+01 9.263685840004325200e+01
1.259423521776631105e+01 8.269548930098261508e+01 9.302221655274468048e+01
1.251116271385348000e+01 8.203219176577395899e+01 9.349092847514612004e+01
1.245206113811246951e+01 8.184506858747020885e+01 9.352854598811165943e+01
1.280103470605041593e+01 8.079415593593405731e+01 9.476115939790940956e+01
1.328468696488675960e+01 7.929739744870303753e+01 9.460550471837336772e+01
1.346036323034900306e+01 7.841628321962267023e+01 9.431855297312904440e+01
1.357334322014236250e+01 7.785351765518352352e+01 9.416307155461561251e+01
1.343638216847460853e+01 7.681048604655180156e+01 9.261436807540246718e+01
1.410225519290980856e+01 7.526845765212701167e+01 9.075372128544768202e+01
1.446713801788763476e+01 7.499603911844737070e+01 8.973644995680092507e+01
1.608398682805483304e+01 7.426965188151491759e+01 8.796218909872834502e+01
1.680115875738243858e+01 7.558723217036876463e+01 8.696739838548114676e+01
1.705905728145478406e+01 7.783611760955652414e+01 8.532770017217478653e+01
1.690996305786165976e+01 7.887243806385389178e+01 8.558335992170168538e+01
1.666489187214091316e+01 7.908770351102069185e+01 8.597422078665124445e+01
1.521418499630181032e+01 7.900315975554559600e+01 8.639745539502348493e+01
1.444371842721272969e+01 7.931801901171492375e+01 8.676862403501411336e+01
1.305209362922158789e+01 8.064042686566622820e+01 8.784466216015084683e+01
1.237901201075072777e+01 8.170782879051959924e+01 8.870040715261689002e+01
1.183237875553510321e+01 8.202450606118746634e+01 9.027897474608732864e+01
1.174594468721551266e+01 8.216580181512644288e+01 9.136172863230115126e+01
1.203361130020334713e+01 8.270127755482371867e+01 9.235883911559244552e+01
1.210649879329281475e+01 8.267247715130292818e+01 9.288249276351018580e+01
1.377572597984232061e+01 8.139002620582277814e+01 9.485330339281154011e+01
1.502101574506531279e+01 7.904855562661717272e+01 9.447779762902086986e+01
1.629067460686673030e+01 7.812782207662176859e+01 9.440672231493044819e+01
1.749556682595596158e+01 7.732496058217020618e+01 9.353868745782881433e+01
1.810037902153032974e+01 7.685420491182146918e+01 9.290722728600087521e+01
1.790625926953589442e+01 7.516769427130437009e+01 9.166495365487583058e+01
1.752562136539927451e+01 7.418896215387749749e+01 9.093441048818147010e+01
1.682427449716260526e+01 7.354345318222796379e+01 9.027072190362503079e+01
1.596878315589475505e+01 7.328696465267657345e+01 8.922512388954123708e+01
1.599676570916165019e+01 7.270489198132976583e+01 8.863140420540446485e+01
1.603748599863718027e+01 7.322984031516401160e+01 8.879814479025128549e+01
1.554319786851669960e+01 7.386036265721764948e+01 8.763234516814577546e+01
1.552778757564510670e+01 7.580976892910813092e+01 8.639285595133844708e+01
1.511700440730317041e+01 7.835318680893583121e+01 8.641331240799638636e+01
1.477326025345763583e+01 7.920514853704959535e+01 8.654187310037150382e+01
1.385106500321921885e+01 7.984117618756434354e+01 8.717707611174603244e+01
1.260279443133146060e+01 8.126093261517257815e+01 8.835826699718018062e+01
1.216712459959336456e+01 8.189558634328660958e+01 8.948511939763704959e+01
1.186022641704767011e+01 8.289640230270353527e+01 9.092024065036582670e+01
1.266373567126822763e+01 8.326440260996068332e+01 9.277915045385077519e+01
1.258792908527277632e+01 8.325465092913394471e+01 9.285470630572945083e+01
1.260305329531138341e+01 8.325929379332360725e+01 9.290667500562460646e+01
1.260452541747179112e+01 8.323193875936151187e+01 9.288178152960267653e+01
1.272053757881502634e+01 8.322111170572044614e+01 9.338589576184210728e+01
1.310970332894959256e+01 8.105271885760572559e+01 9.456651342609802668e+01
1.421028645232706822e+01 7.957579119172308424e+01 9.447690039256337968e+01
1.615226836985942782e+01 7.831156093416187502e+01 9.466458515416445607e+01
1.684817942367538990e+01 7.822549692869375804e+01 9.443698409405203620e+01
1.696250406678439049e+01 7.820118257045945143e+01 9.458496925148347145e+01
1.684012884801234122e+01 7.841341711669805647e+01 9.485862968410378926e+01
1.627146853177998764e+01 7.974005445049715490e+01 9.547248001305410980e+01
1.644878583283554008e+01 7.943144438399762919e+01 9.612735855272353547e+01
1.655713116730413503e+01 7.935981515871080205e+01 9.652961229467484827e+01
1.655480540527253197e+01 7.961223066978328688e+01 9.693430796265113258e+01
1.671761909994404505e+01 8.003178747215289945e+01 9.772235884782924131e+01
1.675081986394474143e+01 8.006107051633505023e+01 9.775119382206958107e+01
1.681046811826752219e+01 7.993624273926369028e+01 9.802290017913821885e+01
1.699462309591638132e+01 7.952162385032258385e+01 9.834778255362186883e+01
1.786589241161590280e+01 7.781694893232089782e+01 9.826590781148661335e+01
1.814403520887378818e+01 7.749921744725574513e+01 9.818338092847238840e+01
1.991760482212106353e+01 7.622792140653500326e+01 9.822657258217475373e+01
2.121767312982234444e+01 7.521143275328311972e+01 9.704016837047390709e+01
2.229748794205687545e+01 7.556318000312192851e+01 9.629018683135871015e+01
2.159911556815239919e+01 7.399324960063663070e+01 9.593006517999492644e+01
2.119011743018444349e+01 7.348581759861490070e+01 9.532723257025202201e+01
2.047337442169015276e+01 7.304791903705297784e+01 9.472600145335343313e+01
1.939944179930404289e+01 7.394286040112200453e+01 9.321966804855480859e+01
1.944437747119218329e+01 7.447014634749693585e+01 9.276993620814835140e+01
1.995205729976487419e+01 7.575007090743247318e+01 9.193071264833793066e+01
2.019251494826499993e+01 7.647498206029685264e+01 9.192422561719445184e+01
1.940866475033220695e+01 7.754306384954898590e+01 9.232083409510062211e+01
1.896670881669638220e+01 7.774056267440340662e+01 9.238233872463638363e+01
1.872371277739500783e+01 7.752622797691195444e+01 9.269719904458872861e+01
1.829033423677958581e+01 7.723703346745496390e+01 9.325272991441602244e+01
1.767430969993711187e+01 7.719770721507754274e+01 9.457009516254242953e+01
1.754058721437780832e+01 7.752209349791517923e+01 9.587058425982729659e+01
1.747637197174799439e+01 7.755842870841557612e+01 9.599004185494402464e+01
1.740759491401996684e+01 7.768900865294619962e+01 9.608940925659248933e+01
1.689832405469508103e+01 7.864232640675733421e+01 9.670156770183905337e+01
1.710408847295252599e+01 7.831192135684831612e+01 9.704008059524812779e+01
1.720332150924940606e+01 7.850447164591729177e+01 9.786496618549358573e+01
1.758942988614529668e+01 7.846560488632302111e+01 9.847659704447323747e+01
1.936499553377041138e+01 7.762530768588894148e+01 9.877836959844978537e+01
2.085496409006833574e+01 7.744136714822661816e+01 9.875282564257531703e+01
2.187093352239310207e+01 7.688366170228006524e+01 9.747820170880595469e+01
2.135607703241095123e+01 7.565267348094629085e+01 9.727234767317861497e+01
2.024992103719142733e+01 7.447326298406242984e+01 9.678443159203311552e+01
1.836392695649709594e+01 7.450081880769702991e+01 9.449965302859664007e+01
1.833355317844490173e+01 7.648158113889959964e+01 9.363205775520577845e+01
1.897727573664406009e+01 7.765609273913842969e+01 9.250063992171942573e+01
1.816844616371821530e+01 7.736616900719411660e+01 9.330721213311881002e+01
1.728387320575222930e+01 7.783732151063210836e+01 9.406597426250880289e+01
1.643594969110733928e+01 7.916802933566448530e+01 9.542208432284121500e+01
1.591863447779843455e+01 7.907102540127598900e+01 9.504711133506134502e+01
1.573436264793286909e+01 7.893682210678942113e+01 9.488548919073809884e+01
1.442264709641654008e+01 7.895880397138796525e+01 9.426078320914700726e+01
1.365614003171424429e+01 7.908468597412863232e+01 9.406291533588148468e+01
1.258565981443160808e+01 7.924946446950863788e+01 9.317328858499001853e+01
1.198022002401887676e+01 7.998999860313092825e+01 9.235659478396712530e+01
1.194099674947602807e+01 7.992857405975803431e+01 9.126650808848648921e+01
1.195125556886097229e+01 8.048357929463868743e+01 9.048869097538204187e+01
1.232245894082552695e+01 8.002984772121726564e+01 8.889897156600284234e+01
